0.3552618408835641, 0.8657270655090434, -0.352570095806666, 0.6136421772372076, -0.5005160235318579, -0.6106774832130591, -0.7051470078838885, 5.985256528797595E-4, -0.7090608852837971, -0.37427689847167106, -0.6468283855831687, 0.13471185627920568, 0.0
0.3552463815613657, 0.8657396817361245, -0.3525546934235744, 0.6136511044642217, -0.5004942009633401, -0.6106863980734372, -0.7051470274895851, 5.985561809107406E-4, -0.7090608657605499, -0.37426004557478953, -0.6468375497892263, 0.13471245781600721, 0.0
0.35520008497434963, 0.8657774596155315, -0.35250856735105246, 0.6136778360432988, -0.5004288481320104, -0.6107130926273671, -0.7051470862050192, 5.986475974712704E-4, -0.7090608072920299, -0.37420957568530067, -0.6468649908270717, 0.13471425921090432, 0.0
0.3551230711943579, 0.8658402880593201, -0.3524318372094675, 0.6137222933607709, -0.5003201345262238, -0.6107574883860671, -0.7051471838825444, 5.987996450682461E-4, -0.7090607100252433, -0.3741256199544938, -0.6469106275533504, 0.13471725564571035, 0.0
0.35501545766014586, 0.865928049534972, -0.3523246199897426, 0.6137843932375657, -0.5001682259131558, -0.610819502312164, -0.7051473203808907, 5.990120580353096E-4, -0.7090605741008336, -0.3740083068309166, -0.6469743738475812, 0.13472144230892927, 0.0
0.354877359216044, 0.8660406201506102, -0.3521870300919574, 0.6138640479895768, -0.4999732843934358, -0.6108990468798351, -0.7051474955650748, 5.992845626382113E-4, -0.7090603996531717, -0.37385776210024324, -0.6470561386780758, 0.13472681439566087, 0.0
0.35470888815156115, 0.8661778697389781, -0.3520191793648881, 0.6139611654871574, -0.49973546845710937, -0.6109960301340793, -0.7051477093063088, 5.996168771775855E-4, -0.7090601868104469, -0.37367410892617786, -0.6471558261669437, 0.13473336710750466, 0.0
0.3545101542418974, 0.8663396619402063, -0.3518211771464521, 0.6140756492137567, -0.4994549330408846, -0.6111103557491302, -0.7051479614819072, 6.000087120892006E-4, -0.7090599356947592, -0.37345746789236006, -0.6472733356542022, 0.13474109565246256, 0.0
0.35428126478933814, 0.8665258542833999, -0.35159313030503164, 0.6142073983237214, -0.4991318295866219, -0.611241923086037, -0.7051482519751945, 6.004597700417502E-4, -0.709059646422212, -0.3732079570452386, -0.6474085617610119, 0.13474999524484063, 0.0
0.35402232466549616, 0.866736298267072, -0.3513351432816406, 0.6143563076992801, -0.49876630610102096, -0.6113906272494287, -0.7051485806754101, 6.009697460322523E-4, -0.7090593191030062, -0.3729256919378799, -0.6475613944520591, 0.13476006110514988, 0.0
0.3537334363543753, 0.8669708394384532, -0.3510473181329108, 0.6145222680067318, -0.49835850721646624, -0.6115563591434872, -0.7051489474776145, 6.01538327479119E-4, -0.7090589538415356, -0.37261078567468003, -0.6477317190971053, 0.13477128846000574, 0.0
0.353414699996224, 0.8672293174717024, -0.35072975457486355, 0.6147051657518586, -0.49790857425298846, -0.6117390055271417, -0.705149352282592, 6.021651943129648E-4, -0.7090585507364815, -0.37226334895694746, -0.6479194165317258, 0.134783672542027, 0.0
0.3530662134321514, 0.8675115662450554, -0.3503825500274425, 0.6149048833345828, -0.4974166452813026, -0.6119384490685135, -0.705149794996755, 6.028500190652149E-4, -0.7090581098809101, -0.3718834901293259, -0.648124363117257, 0.13479720858973346, 0.0
0.3526880722494784, 0.8678174139169293, -0.35000579965977674, 0.6151212991028899, -0.496882855186881, -0.6121545683986245, -0.7051502755320457, 6.035924669545809E-4, -0.7090576313623694, -0.3714713152270257, -0.6483464307999739, 0.13481189184744308, 0.0
0.3522803698277942, 0.8681466830010212, -0.34959959643614713, 0.6153542874060344, -0.49630733573502395, -0.6123872381643936, -0.7051507938058386, 6.043921959714689E-4, -0.7090571152629872, -0.3710269280238346, -0.648585487169521, 0.13482771756516793, 0.0
0.35184319738569303, 0.8684991904404252, -0.3491640311626302, 0.615603718647055, -0.4956902156368906, -0.6126363290809405, -0.7051513497408411, 6.052488569603782E-4, -0.7090565616595697, -0.370550430080877, -0.6488413955166143, 0.1348446809985095, 0.0
0.35137664402816315, 0.8688747476807971, -0.34869919253439136, 0.6158694593346127, -0.4950316206164483, -0.612901707983217, -0.705151943264994, 6.061620937003638E-4, -0.7090559706237011, -0.3700419207960934, -0.6491140148900387, 0.13486277740855337, 0.0
0.3508807967946027, 0.8692731607425969, -0.3482051671836021, 0.6161513721341786, -0.4943316734783086, -0.6131832378769857, -0.7051525743113711, 6.071315429836228E-4, -0.7090553422218435, -0.3695014974544102, -0.6494032001529608, 0.13488200206176293, 0.0
0.3503557407074348, 0.8696942302924364, -0.3476820397279551, 0.6164493159185859, -0.4935904941764084, -0.6134807779891694, -0.7051532428180788, 6.081568346922562E-4, -0.7090546765154377, -0.3689292552785723, -0.6497088020385777, 0.1349023502298725, 0.0
0.349801558821299, 0.8701377517135646, -0.3471298928197516, 0.6167631458179728, -0.492808199883504, -0.6137941838175874, -0.7051539487281535, 6.092375918732946E-4, -0.7090539735610041, -0.36832528748061033, -0.6500306672051255, 0.1349238171897797, 0.0
0.34921833227279214, 0.8706035151755132, -0.3465488071955372, 0.6170927132691312, -0.4919849050614407, -0.6141233071801028, -0.705154691989461, 6.103734308120189E-4, -0.7090532334102448, -0.36768968531391477, -0.6503686382902656, 0.13494639822343746, 0.0
0.34860614033073384, 0.8710913057029375, -0.3459388617262596, 0.617437866064285, -0.49112072153216363, -0.6144679962631977, -0.7051554725545928, 6.115639611036739E-4, -0.709052456110146, -0.3670225381258899, -0.6507225539648721, 0.13497008861774495, 0.0
0.3479650604469335, 0.8716009032436777, -0.3453001334679256, 0.6177984483993163, -0.49021575854943444, -0.614828095670001, -0.7051562903807632, 6.12808785723595E-4, -0.7090516417030799, -0.36632393341116154, -0.6510922489862413, 0.1349948836644385, 0.0
0.3472951683074342, 0.8721320827360697, -0.3446326977127334, 0.6181743009214622, -0.48927012287122373, -0.6152034464677837, -0.7051571454297068, 6.141075010958515E-4, -0.7090507902269092, -0.36559395686531115, -0.651477554250743, 0.13502077865998136, 0.0
0.3465965378842097, 0.8726846141755354, -0.34393662804065567, 0.6185652607764988, -0.4882839188327401, -0.6155938862349462, -0.7051580376675723, 6.154596971604314E-4, -0.7090499017150905, -0.3648326924391117, -0.6518782968459362, 0.13504776890545356, 0.0
0.345869241487292, 0.8732582626804787, -0.3432119963714516, 0.6189711616554363, -0.48725724842006846, -0.6159992491075158, -0.7051589670648208, 6.168649574390594E-4, -0.7090489761967781, -0.36404022239323874, -0.6522943001021697, 0.1350758497064409, 0.0
0.3451133498173053, 0.8738527885575165, -0.34245887301708366, 0.619391833840741, -0.4861902113443818, -0.6164193658251736, -0.7051599335961185, 6.183228590996744E-4, -0.7090480136969283, -0.3632166273534319, -0.6527253836436867, 0.13510501637292352, 0.0
0.34432893201838544, 0.8744679473660723, -0.3416773267345179, 0.6198271042521086, -0.48508290511669655, -0.6168540637768319, -0.7051609372402331, 6.19832973019669E-4, -0.7090470142364056, -0.36236198636608236, -0.6531713634392572, 0.13513526421916425, 0.0
0.34351605573146143, 0.8751034899823623, -0.3408674247788852, 0.6202767964918049, -0.4839354251231384, -0.617303167045781, -0.7051619779799274, 6.213948638478881E-4, -0.7090459778320864, -0.36147637695422113, -0.653632051852356, 0.13516658856359623, 0.0
0.34267478714787747, 0.8757591626627975, -0.34002923295698084, 0.620740730889595, -0.48274786470068987, -0.6177664964544256, -0.7051630558018538, 6.230080900655362E-4, -0.7090449044969658, -0.3605598751738848, -0.6541072576909077, 0.1351989847287106, 0.0
0.34180519106333307, 0.8764347071068322, -0.33916281568108203, 0.6212187245472799, -0.4815203152133861, -0.6182438696086294, -0.705164170696448, 6.246722040459465E-4, -0.7090437942402629, -0.3596125556708341, -0.6545967862566199, 0.13523244804094334, 0.0
0.34090733093212183, 0.8771298605192865, -0.3382682360230614, 0.62171059138286, -0.4802528661289317, -0.6187351009416879, -0.7051653226578227, 6.263867521133417E-4, -0.7090426470675268, -0.35863449173760265, -0.6551004393939226, 0.1352669738305623, 0.0
0.3399812689216455, 0.8778443556721682, -0.3373455557687754, 0.6222161421743457, -0.47894560509570644, -0.6192400017579468, -0.7051665116836606, 6.281512746006222E-4, -0.7090414629807441, -0.357625755370852, -0.6556180155385356, 0.1353025574315535, 0.0
0.3390270659671838, 0.8785779209660196, -0.33639483547270715, 0.6227351846032309, -0.47759861802013237, -0.6197583802760875, -0.7051677377751074, 6.299653059062497E-4, -0.7090402419784441, -0.3565864173290108, -0.6561493097656828, 0.13533919418150742, 0.0
0.3380447818268997, 0.8793302804908208, -0.33541613451284374, 0.6232675232976518, -0.4762119891443719, -0.6202900416720968, -0.7051690009366655, 6.318283745502268E-4, -0.7090389840558065, -0.35551654719017445, -0.656694113837973, 0.13537687942150503, 0.0
0.33703447513705836, 0.8801011540864705, -0.3344095111457662, 0.6238129598752472, -0.4747858011243292, -0.6208347881219382, -0.7051703011760853, 6.337400032293446E-4, -0.7090376892047682, -0.35441621341024443, -0.6572522162529678, 0.1354156084960035, 0.0
0.335996203467442, 0.8808902574028704, -0.33337502256193396, 0.6243712929857399, -0.47332013510792553, -0.6213924188439464, -0.7051716385042585, 6.356997088715812E-4, -0.709036357414131, -0.35328548338128346, -0.6578234022904523, 0.1354553767527218, 0.0
0.33493002337693795, 0.8816973019596442, -0.3323127249411431, 0.6249423183532554, -0.4718150708136216, -0.6219627301409592, -0.705173012935111, 6.377070026898982E-4, -0.7090349886696682, -0.35212442349006634, -0.658407454059432, 0.13549617954252605, 0.0
0.3338359904692834, 0.8825219952055096, -0.33122267350813894, 0.6255258288183992, -0.4702706866091595, -0.622545515442208, -0.7051744244854937, 6.397613902353362E-4, -0.7090335829542321, -0.35093309917680393, -0.6590041505448723, 0.13553801221931502, 0.0
0.332714159448945, 0.883364040577333, -0.3301049225883643, 0.6261216143801067, -0.46868705959049495, -0.6231405653449829, -0.7051758731750761, 6.418623714495239E-4, -0.7090321402478629, -0.34971157499401945, -0.6596132676541976, 0.13558087013990494, 0.0
0.33156458417711593, 0.8842231375588905, -0.3289595256638228, 0.6267294622372859, -0.46706426566089526, -0.6237476676560891, -0.7051773590262372, 6.440094407166932E-4, -0.7090306605278939, -0.3484599146655555, -0.6602345782635721, 0.13562474866391488, 0.0
0.3303873177278099, 0.8850989817393584, -0.32778653542904124, 0.6273491568302689, -0.4654023796101753, -0.6243666074331147, -0.7051788820639585, 6.462020869150813E-4, -0.7090291437690617, -0.3471781811456921, -0.6608678522639776, 0.13566964315365151, 0.0
0.3291824124440349, 0.8859912648715571, -0.32658600384710845, 0.6279804798820886, -0.4637014751940439, -0.6249971670255228, -0.7051804423157146, 6.484397934681044E-4, -0.7090275899436123, -0.3458664366783539, -0.6615128566071046, 0.1357155489739942, 0.0
0.3279499199940274, 0.8868996749299758, -0.32535798220577644, 0.6286232104396005, -0.4619616252135367, -0.6256391261155888, -0.7051820398113673, 6.507220383949186E-4, -0.7090259990214095, -0.3445247428563866, -0.6621693553510795, 0.13576246149227983, 0.0
0.3266898914275282, 0.8878238961685956, -0.32410252117360183, 0.6292771249144604, -0.4601829015945077, -0.6262922617591968, -0.7051836745830554, 6.530482943608064E-4, -0.7090243709700427, -0.3431531606808835, -0.6628371097060388, 0.13581037607818774, 0.0
0.3254023772320828, 0.888763609178538, -0.3228196708561118, 0.6299419971239808, -0.4583653754671557, -0.6269563484265104, -0.7051853466650876, 6.554180287271748E-4, -0.7090227057549341, -0.3417517506205399, -0.6635158780795727, 0.13585928810362471, 0.0
0.3240874273893481, 0.8897184909455612, -0.3215094808519763, 0.630617598331877, -0.4565091172455581, -0.6276311580425376, -0.7051870560938349, 6.578307036013767E-4, -0.7090210033394467, -0.3403205726710186, -0.6642054161220502, 0.13590919294260992, 0.0
0.3227450914313864, 0.8906882149074234, -0.3201720003091679, 0.6313036972889204, -0.45461419670718817, -0.6283164600276019, -0.7051888029076221, 6.602857758862546E-4, -0.7090192636849927, -0.33885968641430386, -0.6649054767718455, 0.13596008597115997, 0.0
0.32137541849693096, 0.8916724510111375, -0.3188072779810921, 0.632000060273516, -0.4526806830723915, -0.6290120213377365, -0.70519058714662, 6.627826973296773E-4, -0.7090174867511388, -0.3373691510780268, -0.6656158103004801, 0.13601196256717396, 0.0
0.31997845738760416, 0.892670865770139, -0.3174153622826718, 0.6327064511322151, -0.45070864508379604, -0.6297176065050164, -0.705192408852738, 6.653209145737644E-4, -0.7090156724957166, -0.33584902559474206, -0.6663361643576965, 0.13606481811031892, 0.0
0.31855425662407183, 0.8936831223213857, -0.3159963013463669, 0.6334226313201826, -0.4486981510856309, -0.6304329776778433, -0.7051942680695164, 6.678998692042915E-4, -0.7090138208749274, -0.3342993686611367, -0.6670662840164793, 0.136118647981915, 0.0
0.3171028645021162, 0.8947088804824119, -0.31455014307811313, 0.6341483599416314, -0.44664926910293107, -0.6311578946611983, -0.7051961648420187, 6.705189977998446E-4, -0.7090119318434507, -0.33272023879715285, -0.667805911818039, 0.13617344756482103, 0.0
0.31562432914861005, 0.8957477968083555, -0.31307693521316304, 0.6348833937902365, -0.4445620669206026, -0.6318921149568755, -0.7051980992167247, 6.731777319812192E-4, -0.7090100053545504, -0.3311116944050049, -0.6685547878167731, 0.13622921224332032, 0.0
0.3141186985773766, 0.8967995246489785, -0.3115767253718114, 0.6356274873895457, -0.4424366121623261, -0.6326353938037108, -0.705200071241423, 6.758754984607165E-4, -0.7090080413601826, -0.3294737938280735, -0.669312649625218, 0.1362859374030065, 0.0
0.3125860207449169, 0.8978637142057029, -0.3100495611149907, 0.6363803930333999, -0.44027297236927304, -0.6333874842178213, -0.7052020809651046, 6.786117190916638E-4, -0.7090060398111011, -0.3278065954096576, -0.6700792324590085, 0.13634361843066958, 0.0
0.3110263436059886, 0.8989400125886735, -0.3084954899997164, 0.6371418608263738, -0.4380712150786128, -0.6341481370328651, -0.7052041284378554, 6.813858109180268E-4, -0.7090040006569648, -0.32611015755156564, -0.6708542691818558, 0.13640225071418244, 0.0
0.30943971516902, 0.9000280638738751, -0.3069145596343701, 0.6379116387242538, -0.4358314079017871, -0.6349171009403378, -0.7052062137107507, 6.841971862242557E-4, -0.709001923846443, -0.32438453877252976, -0.67163749035056, 0.13646182964238726, 0.0
0.3078261835513435, 0.9011275091603156, -0.3053068177338004, 0.6386894725745624, -0.43355361860252806, -0.6356941225299169, -0.7052083368357481, 6.870452525853249E-4, -0.7089998093273219, -0.32262979776642303, -0.6724286242600679, 0.13652235060498266, 0.0
0.30618579703423016, 0.902237986627293, -0.3036723121742279, 0.6394751061571439, -0.43123791517459786, -0.6364789463298655, -0.7052104978655827, 6.899294129171021E-4, -0.7089976570466099, -0.32084599346026343, -0.6732273969885912, 0.13658380899241068, 0.0
0.30451860411771237, 0.9033591315917686, -0.30201109104793705, 0.6402682812248222, -0.4288843659192274, -0.63727131484751, -0.70521269685366, 6.928490655269542E-4, -0.7089954669506431, -0.3190331850719863, -0.6740335324427965, 0.13664620019574442, 0.0
0.302824653575176, 0.904490576565856, -0.30032320271773955, 0.6410687375441428, -0.4264930395222298, -0.6380709686098003, -0.7052149338539518, 6.958036041647547E-4, -0.7089932389851901, -0.3171914321679681, -0.6748467524030786, 0.1367095196065759, 0.0
0.30110399450770753, 0.9056319513144442, -0.29860869587119315, 0.6418762129362098, -0.42406400513076886, -0.6388776462039665, -0.7052172089208911, 6.987924180742802E-4, -0.7089909730955568, -0.3153207947202836, -0.67566677656893, 0.13677376261690433, 0.0
0.29935667639818075, 0.9067828829129764, -0.2968676195745611, 0.6426904433176303, -0.421597332429759, -0.6396910843182818, -0.705219522109267, 7.018148920449538E-4, -0.708988669226691, -0.31342133316368104, -0.6764933226044183, 0.1368389246190246, 0.0
0.2975827491650664, 0.9079429958053883, -0.29510002332649476, 0.6435111627415744, -0.4190930917178744, -0.640511017782942, -0.7052218734741204, 7.048704064641365E-4, -0.708986327323286, -0.3114931084522554, -0.6773261061837805, 0.1369050010054165, 0.0
0.2957822632159497, 0.9091119118622308, -0.2933059571114269, 0.6443381034389652, -0.41655135398314586, -0.6413371796110727, -0.7052242630706406, 7.079583373697934E-4, -0.7089839473298845, -0.30953618211580564, -0.6781648410371475, 0.13697198716863404, 0.0
0.2939552695007413, 0.9102892504389849, -0.29148547145265696, 0.6451709958598035, -0.4139721909781244, -0.6421693010398744, -0.7052266909540621, 7.11078056503868E-4, -0.7089815291909807, -0.30755061631585745, -0.6790092389964065, 0.13703987850119545, 0.0
0.2921018195645646, 0.9114746284345858, -0.28963861746511643, 0.6460095687146418, -0.4113556752945887, -0.6430071115719136, -0.7052291571795605, 7.1422893136594E-4, -0.7089790728511247, -0.3055364739013357, -0.6798590100412144, 0.1371086703954735, 0.0
0.2902219656003066, 0.9126676603501684, -0.2877654469077971, 0.6468535490162135, -0.408701880437777, -0.6438503390165713, -0.7052316618021509, 7.174103252676894E-4, -0.7089765782550237, -0.30349381846386936, -0.6807138623451682, 0.13717835824358646, 0.0
0.2883157605008146, 0.9138679583480442, -0.2858660122358273, 0.647702662121229, -0.406010880900119, -0.6446987095316559, -0.7052342048765858, 7.206215973878591E-4, -0.7089740453476441, -0.30142271439271323, -0.6815735023221444, 0.13724893743728936, 0.0
0.2863832579107261, 0.9150751323109281, -0.2839403666521827, 0.6485566317723428, -0.4032827522344509, -0.6455519476651899, -0.7052367864572524, 7.238621028278977E-4, -0.7089714740743127, -0.29932322692927005, -0.6824376346728149, 0.13732040336786608, 0.0
0.28442451227791665, 0.9162887899014185, -0.2819885641590155, 0.6494151801403066, -0.4005175711266893, -0.6464097763973796, -0.705239406598073, 7.271311926683177E-4, -0.7089688643808177, -0.2971954222211961, -0.6833059624313478, 0.13739275142602167, 0.0
0.28243957890454924, 0.9175085366217497, -0.2800106596085879, 0.6502780278663096, -0.39771541546794453, -0.6472719171827735, -0.7052420653524036, 7.304282140256427E-4, -0.7089662162135091, -0.2950393673760755, -0.6841781870123016, 0.13746597700177554, 0.0
0.28042851399771296, 0.91873397587382, -0.2780067087537956, 0.6511448941045175, -0.3948763644260531, -0.6481380899926183, -0.7052447627729336, 7.337525101101458E-4, -0.7089635295193982, -0.29285513051464657, -0.6850540082577204, 0.137540075484355, 0.0
0.2783913747196353, 0.9199647090195128, -0.27597676829826623, 0.652015496564816, -0.39200049851650837, -0.6490080133574202, -0.7052474989115863, 7.371034202843241E-4, -0.708960804246257, -0.29064278082356454, -0.6859331244844374, 0.13761504226208962, 0.0
0.27632821923745354, 0.9212003354413133, -0.273920895946019, 0.6528895515557656, -0.38908789967276897, -0.6498814044097158, -0.7052502738194215, 7.404802801221702E-4, -0.7089580403427169, -0.28840238860768513, -0.6868152325315924, 0.13769087272230607, 0.0
0.2742391067725316, 0.9224404526032352, -0.2718391504506712, 0.6537667740277745, -0.3861386513159252, -0.6507579789270623, -0.7052530875465352, 7.438824214692635E-4, -0.7089552377583666, -0.2861340253418537, -0.6877000278083719, 0.1377675622512237, 0.0
0.2721240976493074, 0.9236846561120629, -0.26973159166417693, 0.6546468776164954, -0.3831528384237037, -0.6516374513752509, -0.7052559401419625, 7.473091725035685E-4, -0.7089523964438494, -0.2838377637221841, -0.6885872043419766, 0.13784510623385082, 0.0
0.2699832533436579, 0.9249325397789183, -0.26759828058508495, 0.6555295746864508, -0.38013054759878956, -0.6525195349517477, -0.7052588316535817, 7.507598577972535E-4, -0.7089495163509605, -0.2815136777168123, -0.689476454825821, 0.13792350005388165, 0.0
0.2678166365307663, 0.9261836956811597, -0.2654392794063012, 0.6564145763748949, -0.3770718671364471, -0.6534039416293727, -0.7052617621280163, 7.542337983791475E-4, -0.7089465974327422, -0.27916184261610955, -0.6903674706679729, 0.13800273909359392, 0.0
0.2656243111324793, 0.9274377142246188, -0.2632546515623421, 0.6573015926359138, -0.37397688709142024, -0.6542903822002142, -0.7052647316105402, 7.577303117983769E-4, -0.7089436396435809, -0.27678233508234057, -0.6912599420398362, 0.1380828187337474, 0.0
0.26340634236413846, 0.9286941842061845, -0.26104446177606544, 0.6581903322847702, -0.37084569934409056, -0.6551785663197907, -0.7052677401449822, 7.612487121886752E-4, -0.7089406429392999, -0.27437523319875107, -0.6921535579250803, 0.13816373435348295, 0.0
0.26116279678087573, 0.929952692876736, -0.25880877610486486, 0.6590805030424969, -0.3676783976658779, -0.6560682025514586, -0.7052707877736325, 7.647883103336639E-4, -0.7089376072772554, -0.27194061651807044, -0.693048006168823, 0.13824548133022255, 0.0
0.2588937423233546, 0.9312128260044337, -0.2565476619863153, 0.6599718115807427, -0.3644750777838607, -0.6569589984110739, -0.7052738745371484, 7.683484137331192E-4, -0.7089345326164284, -0.26947856611041504, -0.693942973527069, 0.13832805503957007, 0.0
0.2565992483629484, 0.9324741679383711, -0.25426118828325406, 0.6608639635668728, -0.3612358374445993, -0.6578506604119069, -0.7052770004744611, 7.719283266702376E-4, -0.7089314189175181, -0.2669891646105773, -0.6948381457164061, 0.13841145085521286, 0.0
0.25427938574633957, 0.933736301672592, -0.2519494253282877, 0.6617566637093295, -0.357960776477143, -0.6587428941098176, -0.7052801656226848, 7.755273502798171E-4, -0.7089282661430332, -0.2644724962646866, -0.6957332074639654, 0.1384956641488242, 0.0
0.25193422683952704, 0.9349988089104783, -0.24961244496770754, 0.6626496158032527, -0.35464999685520204, -0.6596354041486908, -0.7052833700170247, 7.791447826173692E-4, -0.7089250742573833, -0.26192864697622764, -0.6966278425576439, 0.13858069028996656, 0.0
0.2495638455712307, 0.9362612701295083, -0.24725032060480473, 0.6635425227763653, -0.3513036027584668, -0.6605278943061361, -0.7052866136906865, 7.827799187293955E-4, -0.7089218432269689, -0.2593577043514024, -0.6975217338965951, 0.1386665246459958, 0.0
0.24716831747567714, 0.9375232646463938, -0.24486312724256942, 0.6644350867351234, -0.3479217006330554, -0.6614200675394507, -0.705289896674787, 7.864320507245115E-4, -0.7089185730202713, -0.2567597577438217, -0.6984145635419878, 0.13875316258196638, 0.0
0.24474771973475629, 0.9387843706825912, -0.24245094152576202, 0.6653270090111342, -0.344504399251072, -0.6623116260318523, -0.7052932189982656, 7.90100467845764E-4, -0.7089152636079401, -0.2541348982985124, -0.6993060127680334, 0.13884059946053728, 0.0
0.24230213121953512, 0.9400441654301944, -0.24001384178234478, 0.6662179902078412, -0.34105180976925753, -0.663202271238978, -0.7052965806877953, 7.937844565439611E-4, -0.7089119149628821, -0.25148321899522696, -0.7001957621132848, 0.13892883064187908, 0.0
0.23983163253111664, 0.9413022251182076, -0.23755190806426, 0.6671077302474805, -0.33756404578671656, -0.6640917039356524, -0.7052999817676975, 7.974833005517518E-4, -0.7089085270603471, -0.24880481469104207, -0.7010834914322065, 0.13901785148358176, 0.0
0.23733630604083059, 0.9425581250791986, -0.23506522218754342, 0.6679959284183041, -0.3340412234017014, -0.6649796242629262, -0.7053034222598535, 8.011962809593431E-4, -0.7089050998780148, -0.2460997821622328, -0.7019688799470145, 0.1391076573405639, 0.0
0.23481623592974585, 0.9438114398163334, -0.23255386777176018, 0.6688822834220751, -0.3304834612674356, -0.6658657317753828, -0.7053069021836215, 8.049226762908007E-4, -0.7089016333960787, -0.24336822014540838, -0.7028516062997886, 0.1391982435649824, 0.0
0.23227150822748957, 0.9450617430707936, -0.23001793027875173, 0.6697664934218309, -0.3268908806469633, -0.6667497254887153, -0.7053104215557514, 8.086617625817222E-4, -0.708898127597331, -0.24061022937789875, -0.7037313486048545, 0.1392896055061437, 0.0
0.2297022108503636, 0.9463086078895693, -0.22745749705068125, 0.6706482560899156, -0.32326360546700283, -0.6676313039275712, -0.7053139803903011, 8.12412813457522E-4, -0.7088945824672456, -0.23782591263737674, -0.7046077845014344, 0.13938173851041555, 0.0
0.2271084336387455, 0.9475516066936354, -0.2248726573473659, 0.6715272686562798, -0.31960176237079185, -0.6685101651736646, -0.7053175786985548, 8.161751002137979E-4, -0.7088909979940594, -0.2350153747807046, -0.7054805912065666, 0.1394746379211405, 0.0
0.22449026839376202, 0.9487903113465007, -0.22226350238288542, 0.6724032279570467, -0.3159054807699049, -0.6693860069141564, -0.7053212164889419, 8.199478918965858E-4, -0.7088873741688547, -0.23217872278199228, -0.7063494455682899, 0.1395682990785498, 0.0
0.22184780891322392, 0.9500242932231332, -0.21963012536145382, 0.6732758304833428, -0.3121748928950294, -0.6702585264902954, -0.7053248937669554, 8.237304553844749E-4, -0.7088837109856383, -0.2293160657698549, -0.7072140241190931, 0.13966271731967891, 0.0
0.21918115102681152, 0.9512531232792545, -0.2169726215125435, 0.6741447724303908, -0.30841013384568144, -0.6711274209463246, -0.7053286105350742, 8.275220554718049E-4, -0.708880008441421, -0.22642751506385658, -0.7080740031296234, 0.13975788797828387, 0.0
0.21649039263049855, 0.9524763721210033, -0.21429108812525238, 0.6750097497468629, -0.3046113416388486, -0.6719923870786468, -0.7053323667926844, 8.313219549525436E-4, -0.7088762665362955, -0.22351318421013122, -0.7089290586626562, 0.139853806384759, 0.0
0.21377563372020447, 0.9536936100749613, -0.21158562458189994, 0.67587045818449, -0.30077865725654207, -0.672853121485246, -0.7053361625360014, 8.351294147059124E-4, -0.7088724852735138, -0.220573189016165, -0.7097788666273166, 0.13995046786605575, 0.0
0.21103697642466296, 0.954904407258539, -0.20885633239084406, 0.6767265933479252, -0.2969122246922433, -0.6737093206153635, -0.7053399977579948, 8.389436937822486E-4, -0.708868664659562, -0.2176076475847317, -0.7106231028335539, 0.1400478677456025, 0.0
0.20827452503749824, 0.956108333650714, -0.20610331521850678, 0.6775778507448592, -0.29301219099623066, -0.6745606808194244, -0.7053438724483129, 8.42764049490935E-4, -0.7088648047042363, -0.21461668034696882, -0.7114614430468624, 0.1401460013432259, 0.0
0.20548838604849584, 0.9573049591631209, -0.20332667892059836, 0.6784239258363796, -0.28907870631977056, -0.6754068983992112, -0.705347786593209, 8.465897374888287E-4, -0.7088609054207159, -0.2116004100945822, -0.7122935630432454, 0.1402448639750734, 0.0
0.20267866817405988, 0.958493853711478, -0.20052653157253036, 0.679264514087573, -0.28511192395815915, -0.676247669658277, -0.7053517401754692, 8.504200118698985E-4, -0.7088569668256358, -0.2085589620111699, -0.7131191386644156, 0.1403444509535368, 0.0
0.19984548238684569, 0.9596745872873579, -0.1977029834990062, 0.6800993110183671, -0.2811120003925995, -0.6770826909525997, -0.7053557331743404, 8.542541252560404E-4, -0.708852988939158, -0.2054924637026534, -0.7139378458732293, 0.14044475758717717, 0.0
0.19698894194455768, 0.9608467300302794, -0.19485614730278084, 0.6809280122546016, -0.27707909533090125, -0.6779116587414664, -0.70535976556546, 8.580913288890046E-4, -0.7088489717850414, -0.20240104522680594, -0.7147493608093471, 0.1405457791806513, 0.0
0.19410916241790308, 0.9620098523001269, -0.19198613789257862, 0.6817503135793298, -0.27301337174698737, -0.6787342696385875, -0.705363837320787, 8.61930872723432E-4, -0.7088449153907115, -0.19928483912186767, -0.7155533598451151, 0.14064751103463918, 0.0
0.19120626171769184, 0.9631635247498802, -0.18909307251015978, 0.6825659109843395, -0.26891499591919654, -0.6795502204634306, -0.7053679484085339, 8.657720055208068E-4, -0.7088408197873273, -0.19614398043423717, -0.7163495196416617, 0.14074994844577285, 0.0
0.18828036012107402, 0.9643073183986511, -0.1861770707565283, 0.6833745007218922, -0.26478413746736656, -0.6803592082927719, -0.7053720987931004, 8.696139749449494E-4, -0.7088366850098485, -0.19297860674523087, -0.7171375172052016, 0.14085308670656674, 0.0
0.18533158029690314, 0.9654408047050165, -0.1832382546172678, 0.6841757793566692, -0.26062096938868506, -0.6811609305124569, -0.7053762884350074, 8.734560276575931E-4, -0.7088325110971003, -0.18978885819689728, -0.7179170299435416, 0.1409569211053492, 0.0
0.1823600473302205, 0.9665635556406388, -0.1802767484870017, 0.6849694438179237, -0.25642566809229794, -0.681955084869365, -0.7053805172908337, 8.772974094165553E-4, -0.7088282980918378, -0.1865748775168819, -0.7186877357227803, 0.14106144692619557, 0.0
0.17936588874584705, 0.9676751437641627, -0.17729267919296401, 0.6857551914518263, -0.25219841343265925, -0.6827413695235689, -0.7053847853131521, 8.811373651733956E-4, -0.7088240460408084, -0.1833368100423271, -0.7194493129241929, 0.14116665944886259, 0.0
0.176349234531079, 0.9687751422953822, -0.17428617601767615, 0.686532720074001, -0.24793938874161348, -0.6835194831006856, -0.7053890924504688, 8.849751391732941E-4, -0.7088197549948131, -0.18007480374280493, -0.7202014405012954, 0.14127255394872418, 0.0
0.1733102171574742, 0.9698631251896607, -0.17125737072071892, 0.6873017280222424, -0.24364878085919672, -0.684289124744407, -0.7053934386471628, 8.888099750551381E-4, -0.7088154250087675, -0.1767890092422675, -0.7209437980370782, 0.14137912569670874, 0.0
0.1702489716017257, 0.9709386672125995, -0.16820639755959296, 0.6880619142094064, -0.2393267801631467, -0.6850499941692054, -0.7053978238434269, 8.926411159534131E-4, -0.708811056141759, -0.17347957984001205, -0.7216760658014003, 0.1414863699592378, 0.0
0.1671656353656104, 0.9720013440149399, -0.16513339330965854, 0.6888129781764653, -0.2349735805971086, -0.6858017917132051, -0.7054022479752103, 8.964678046003982E-4, -0.7088066484571058, -0.17014667153064802, -0.7223979248085369, 0.14159428199816645, 0.0
0.16406034849500878, 0.9730507322076867, -0.1620384972831494, 0.6895546201457219, -0.23058937969752877, -0.6865442183912106, -0.7054067109741626, 9.002892834296394E-4, -0.7088022020224122, -0.16679044302306206, -0.723109056874869, 0.14170285707072466, 0.0
0.16093325359798505, 0.9740864094374428, -0.15892185134724937, 0.6902865410741693, -0.22617437861922127, -0.6872769759478841, -0.7054112127675786, 9.041047946809211E-4, -0.708797716909623, -0.163411055758369, -0.7238091446767065, 0.14181209042946086, 0.0
0.1577844958619239, 0.9751079544619403, -0.1557835999412293, 0.6910084427069928, -0.2217287821596033, -0.687999766911062, -0.7054157532783453, 9.079135805049598E-4, -0.7087931931950779, -0.1600086739268461, -0.7244978718082357, 0.1419219773221864, 0.0
0.15461422306971412, 0.976114947225756, -0.15262389009263366, 0.6917200276311991, -0.21725279878158446, -0.6887122946452034, -0.7054203324248897, 9.117148830704302E-4, -0.7087886309595619, -0.15658346448383936, -0.7251749228395784, 0.14203251299192193, 0.0
0.1514225856149731, 0.977106968936197, -0.14944287143251103, 0.6924209993293667, -0.21274664063510176, -0.6894142634049573, -0.7054249501211287, 9.15507944671351E-4, -0.7087840302883567, -0.15313559716463607, -0.7258399833749555, 0.14214369267684515, 0.0
0.14820973651630734, 0.9780836021393434, -0.14624069620968433, 0.6931110622335083, -0.20821052357729367, -0.6901053783888421, -0.7054296062764197, 9.192920078346933E-4, -0.7087793912712895, -0.14966524449829965, -0.7264927401109412, 0.1422555116102403, 0.0
0.14497583143060033, 0.9790444307962339, -0.14301751930405074, 0.69378992177903, -0.20364466719130078, -0.690785345793027, -0.7054343007955125, 9.230663154304319E-4, -0.7087747140027806, -0.14617258182045575, -0.7271328808947998, 0.14236796502044907, 0.0
0.14172102866532396, 0.9799890403591768, -0.1397734982389089, 0.694457284458784, -0.1990492948036883, -0.6914538728652014, -0.7054390335785045, 9.268301107810684E-4, -0.7087699985818894, -0.14265778728502737, -0.7277600947828899, 0.14248104813082324, 0.0
0.13844548918986646, 0.9809170178481762, -0.13650879319230508, 0.6951128578771983, -0.19442463350047817, -0.6921106679585272, -0.705443804520794, 9.305826377728199E-4, -0.7087652451123586, -0.13912104187491114, -0.7283740720991289, 0.1425947561596788, 0.0
0.13514937664587295, 0.9818279519274535, -0.13322356700739582, 0.6957563508044765, -0.18977091414178932, -0.6927554405856572, -0.7054486135130398, 9.343231409671415E-4, -0.7087604537026582, -0.135562529411591, -0.7289745044935013, 0.1427090843202518, 0.0
0.13183285735658995, 0.9827214329820517, -0.12991798520181744, 0.6963874732308518, -0.18508837137507034, -0.6933879014728146, -0.7054534604411171, 9.38050865713913E-4, -0.708755624466026, -0.1319824365636807, -0.7295610850006042, 0.142824027820656, 0.0
0.12849610033521525, 0.9835970531945039, -0.12659221597606385, 0.6970059364208905, -0.18037724364692767, -0.6940077626139165, -0.7054583451860783, 9.41765058263988E-4, -0.7087507575205088, -0.1283809528543959, -0.7301335080982106, 0.14293958186384173, 0.0
0.12513927729224147, 0.9844544066215508, -0.12324643022086121, 0.6976114529678266, -0.17563777321353288, -0.6946147373247341, -0.7054632676241147, 9.45464965884435E-4, -0.7087458529889997, -0.1247582706679444, -0.7306914697658446, 0.14305574164755697, 0.0
0.12176256264179461, 0.9852930892708911, -0.11988080152354139, 0.6982037368479204, -0.1708702061496113, -0.6952085402970746, -0.7054682276265196, 9.491498369726126E-4, -0.708740910999276, -0.12111458525483643, -0.7312346675433515, 0.14317250236430967, 0.0
0.11836613350695974, 0.9861126991779463, -0.11649550617340451, 0.6987825034748261, -0.16607479235600028, -0.6957888876529761, -0.7054732250596526, 9.528189211724103E-4, -0.7087359316840343, -0.1174500947361064, -0.7317628005894509, 0.14328985920133205, 0.0
0.11495016972409351, 0.9869128364826232, -0.11309072316607277, 0.6993474697539589, -0.1612517855657768, -0.6963554969988994, -0.7054782597849049, 9.564714694905163E-4, -0.708730915180924, -0.11376500010644613, -0.7322755697402599, 0.1434078073405465, 0.0
0.11151485384611595, 0.9876931035060567, -0.10966663420682554, 0.6998983541368446, -0.1564014433489437, -0.696908087479908, -0.7054833316586688, 9.601067344134073E-4, -0.7087258616325801, -0.11005950523624203, -0.7327726775677723, 0.14352634195853317, 0.0
0.10806037114478306, 0.9884531048273141, -0.1062234237129196, 0.7004348766754457, -0.15152402711567664, -0.6974463798338197, -0.7054884405323059, 9.63723970025393E-4, -0.7087207711866534, -0.10633381687251847, -0.7332538284382801, 0.14364545822649943, 0.0
0.10458690961193369, 0.9891924473600446, -0.10276127881488537, 0.700956759076443, -0.14661980211812353, -0.6979700964453217, -0.7054935862521179, 9.67322432126605E-4, -0.7087156439958395, -0.10258814463877958, -0.7337187285707237, 0.14376515131025092, 0.0
0.10109465995970925, 0.9899107404290515, -0.09928038935680072, 0.701463724755467, -0.14168903745075237, -0.6984789614000307, -0.7054987686593203, 9.709013783524567E-4, -0.7087104802179068, -0.09882270103375002, -0.7341670860949554, 0.14388541637016447, 0.0
0.09758381561974522, 0.990607595846773, -0.09578094789553832, 0.7019554988912609, -0.13673200604924793, -0.6989727005384897, -0.7055039875900152, 9.744600682928539E-4, -0.7087052800157219, -0.09503770142901224, -0.7345986111099044, 0.14400624856116273, 0.0
0.09405457274133121, 0.9912826279896508, -0.09226314969898536, 0.7024318084797642, -0.13174898468795165, -0.6994510415100844, -0.7055092428751687, 9.779977636125425E-4, -0.708700043557273, -0.09123336406553839, -0.7350130157416261, 0.1441276430326906, 0.0
0.09050713018853751, 0.991935453874364, -0.08872719274323287, 0.7028923823881009, -0.12674025397584263, -0.6999137138268677, -0.7055145343405865, 9.815137281718733E-4, -0.7086947710156937, -0.08740991004911414, -0.7354100142012219, 0.14424959492869344, 0.0
0.0869416895363094, 0.9925656932339152, -0.08517327770873578, 0.7033369514084633, -0.12170609835106022, -0.7003604489172778, -0.7055198618068954, 9.850072281475108E-4, -0.7086894625692832, -0.08356756334465676, -0.7357893228426157, 0.14437209938759707, 0.0
0.08335845506552408, 0.9931729685935436, -0.08160160797543858, 0.7037652483118699, -0.11664680607396233, -0.7007909801797362, -0.7055252250895222, 9.884775321545858E-4, -0.7086841184015255, -0.07970655076942257, -0.7361506602201707, 0.14449515154228962, 0.0
0.07975763375701404, 0.9937569053464472, -0.07801238961687096, 0.7041770079017909, -0.11156266921872446, -0.7012050430361112, -0.7055306239986775, 9.919239113683753E-4, -0.7086787387011063, -0.07582710198510706, -0.7364937471461318, 0.14461874652010512, 0.0
0.0761394352845535, 0.9943171318292945, -0.07440583139320855, 0.7045719670676223, -0.10645398366347278, -0.7016023749850325, -0.7055360583393385, 9.953456396470106E-4, -0.7086733236619303, -0.07192944948883528, -0.7368183067478782, 0.14474287944280897, 0.0
0.07250407200680886, 0.9948532793975048, -0.07078214474330252, 0.7049498648379957, -0.10132104907895728, -0.7019827156550444, -0.7055415279112373, 9.98741993653851E-4, -0.7086678734831339, -0.06801382860304417, -0.7371240645249709, 0.14486754542658514, 0.0
0.06885175895825259, 0.9953649825002756, -0.06714154377567338, 0.7053104424339092, -0.09616416891575782, -0.7023458068575797, -0.7055470325088457, 0.0010021122529815518, -0.708662388369098, -0.06408047746425666, -0.7374107484059798, 0.14499273958202546, 0.0
0.06518271383904459, 0.9958518787553392, -0.0634842452584774, 0.7056534433216649, -0.09098365039003478, -0.7026913926397433, -0.7055525719213666, 0.0010054557002743547, -0.7086568685294594, -0.06012963701075069, -0.7376780888050731, 0.14511845701412035, 0.0
0.06149715700387534, 0.9963136090234238, -0.059810468608436695, 0.7059786132655982, -0.08577980446781192, -0.7030192193368875, -0.7055581459327245, 0.0010087716213525166, -0.7086513141791189, -0.05616155096911968, -0.7379258186783564, 0.14524469282225178, 0.0
0.05779531144978068, 0.9967498174824024, -0.056120435878743824, 0.7062857003805837, -0.0805529458478077, -0.7033290356249687, -0.7055637543215576, 0.0010120593053366267, -0.7086457255382489, -0.052176465839734176, -0.7381536735799419, 0.1453714421001878, 0.0
0.054077402802921275, 0.9971601517011045, -0.052414371745934496, 0.7065744551843028, -0.07530339294280419, -0.7036205925726642, -0.7055693968612131, 0.0010153180447708687, -0.7086401028322994, -0.04817463088109741, -0.7383613917177336, 0.14549869993607914, 0.0
0.05034365930433635, 0.9975442627127713, -0.04869250349573734, 0.7068446306492594, -0.07003146785956832, -0.7038936436932404, -0.7055750733197432, 0.0010185471357481157, -0.7086344462920012, -0.044156298093106394, -0.7385487140089135, 0.14562646141245755, 0.0
0.04659431179466694, 0.9979018050881348, -0.04495506100789676, 0.7070959822545247, -0.06473749637731663, -0.7041479449961532, -0.7055807834599028, 0.001021745878033803, -0.7086287561533686, -0.04012172219921323, -0.7387153841351095, 0.14575472160623593, 0.0
0.04282959369785791, 0.9982324370080943, -0.041202276739975674, 0.7073282680372024, -0.05942180792473864, -0.7043832550383683, -0.705586527039149, 0.0010249135751913552, -0.7086230326576997, -0.0360711606274976, -0.7388611485972317, 0.14588347558871062, 0.0
0.03904974100383708, 0.9985358203359745, -0.037434385710140405, 0.7075412486435915, -0.054084735555575386, -0.7045993349753823, -0.7055923038096439, 0.001028049534705866, -0.7086172760515744, -0.03200487349064751, -0.7389857567699591, 0.14601271842556512, 0.0
0.0352549922501759, 0.99881162068934, -0.033651625478928304, 0.7077346873800373, -0.04872661592275987, -0.7047959486119345, -0.7055981135182553, 0.0010311530681095527, -0.7086114865868526, -0.027923123564855545, -0.7390889609558621, 0.14614244517687608, 0.0
0.03144558850273685, 0.9990595075113445, -0.02985423613000593, 0.7079083502634529, -0.043347789251126145, -0.7049728624523899, -0.7056039559065646, 0.0010342234911061843, -0.708605664520668, -0.023826176267635446, -0.7391705164391409, 0.14627265089712108, 0.0
