0.3531850047768541, 0.866388356643621, -0.3530319643787788, 0.6117638121604594, -0.4993703226060917, -0.6134935362586882, -0.7078173426327417, 7.045371912366122E-4, -0.7063951536467887, -0.40805024473186147, -0.6240979563468956, 0.1849836528939121, 0.0
0.35316958218840067, 0.8664009360769194, -0.3530165211175086, 0.611772714427525, -0.49934849716150886, -0.6135024240086755, -0.7078173437397876, 7.045193968949566E-4, -0.7063951525552613, -0.40803395494390116, -0.6241080004919094, 0.18498306206665452, 0.0
0.35312339561065853, 0.8664386037735092, -0.35297027263412745, 0.6117993712673306, -0.4992831357241235, -0.6135290373718149, -0.7078173470531063, 7.044661088563827E-4, -0.7063951492884164, -0.40798517123617917, -0.6241380767244785, 0.18498129274446845, 0.0
0.3530465648343654, 0.8665012489456807, -0.35289333889183805, 0.6118437042874745, -0.4991744078255178, -0.6135732980629335, -0.7078173525581554, 7.043774692535098E-4, -0.7063951438606758, -0.4079040198469384, -0.6241880970965038, 0.1849783496637192, 0.0
0.3529392070261859, 0.8665887543643714, -0.35278583723405665, 0.6119056305438805, -0.4990224792893066, -0.6136351232390873, -0.7078173602366808, 7.042536197631017E-4, -0.7063951362901756, -0.40779062405369965, -0.6242579688521203, 0.18497423755679554, 0.0
0.35280143676723996, 0.8667009964443476, -0.3526478824228865, 0.6119850626009875, -0.49882751228558564, -0.6137144255598361, -0.7078173700667686, 7.04094701615574E-4, -0.7063951265987148, -0.4076451042165262, -0.6243475944911548, 0.18496896115216335, 0.0
0.3526333660925694, 0.8668378453281531, -0.3524795866785324, 0.6120819085910664, -0.4985896653867093, -0.6138111132466461, -0.7078173820228927, 7.039008556057277E-4, -0.7063951148117064, -0.4074675778222686, -0.624456871831616, 0.18496252517441922, 0.0
0.35243510453151167, 0.8669991649688493, -0.35228105971962265, 0.6121960722726842, -0.4983090936243506, -0.6139250901414413, -0.7078173960759663, 7.03672222104665E-4, -0.7063951009581272, -0.40725815952975775, -0.624585694071239, 0.1849549343443433, 0.0
0.3522067591489502, 0.8671848132115816, -0.3520524088044105, 0.6123274530883343, -0.4979859485478041, -0.6140562557643218, -0.7078174121933902, 7.034089410728582E-4, -0.7063950850704682, -0.40701696121591313, -0.624733949848109, 0.18494619337895224, 0.0
0.35194843458741126, 0.8673946418739915, -0.35179373877282266, 0.6124759462212539, -0.49762037828348454, -0.6142045053704683, -0.7078174303391028, 7.031111520743314E-4, -0.7063950671846861, -0.40674409202273554, -0.6249015233003843, 0.18493630699155164, 0.0
0.3516602331099775, 0.8676284968255108, -0.3515051520893268, 0.6126414426514495, -0.4972125275955845, -0.614369730006257, -0.7078174504736283, 7.027789942919218E-4, -0.7063950473401537, -0.40643965840515245, -0.6250882941251418, 0.18492527989178814, 0.0
0.35134225464399027, 0.8678862180655629, -0.35118674888658863, 0.6128238292109467, -0.4967625379478456, -0.6145518165645986, -0.7078174725541255, 7.024126065435852E-4, -0.7063950255796115, -0.406103764179686, -0.6252941376363677, 0.18491311678570121, 0.0
0.3509945968255107, 0.8681676398006971, -0.3508386270098895, 0.61302298863829, -0.496270547566406, -0.6147506478395276, -0.7078174965344363, 7.020121272997108E-4, -0.7063950019491196, -0.40573651057391336, -0.625518924822116, 0.18489982237577482, 0.0
0.3506173550445127, 0.8684725905206915, -0.35046088206227755, 0.6132387996323088, -0.49573669150368316, -0.6149661025800589, -0.707817522365133, 7.015776947014089E-4, -0.7063949764980091, -0.40533799627669, -0.6257625224008578, 0.18488540136098858, 0.0
0.3502106224907798, 0.8688008930736463, -0.3500536074504236, 0.6134711369051719, -0.4951611017032525, -0.6151980555433328, -0.7078175499935677, 7.011094465797481E-4, -0.7063949492788345, -0.4049083174891073, -0.6260247928770428, 0.18486985843686884, 0.0
0.3497744902004793, 0.8691523647401008, -0.34961689443115523, 0.6137198712347499, -0.4945439070656852, -0.6154463775470688, -0.7078175793639184, 7.006075204758926E-4, -0.7063949203473263, -0.40444756797615533, -0.6263055945958982, 0.1848531982955392, 0.0
0.34930904710338595, 0.8695268173062012, -0.349150832158643, 0.6139848695163075, -0.49388523351530594, -0.6157109355213491, -0.707817610417237, 7.000720536621159E-4, -0.7063948897623425, -0.40395583911906374, -0.6266047817974847, 0.1848354256257711, 0.0
0.34881438007072996, 0.8699240571359471, -0.3486555077322111, 0.6142659948135427, -0.49318520406783345, -0.6159915925597512, -0.7078176430914965, 6.99503183163665E-4, -0.7063948575858233, -0.40343321996829185, -0.6269222046700349, 0.18481654511303378, 0.0
0.3482905739636433, 0.8703438852425489, -0.3481310062447478, 0.6145631064089987, -0.492443938898869, -0.6162882079698498, -0.7078176773216377, 6.989010457814316E-4, -0.7063948238827422, -0.40287979729714263, -0.6272577094025958, 0.18479656143954437, 0.0
0.34773771168217893, 0.8707860973589213, -0.34757741083168964, 0.6148760598538624, -0.49166155541319534, -0.6166006373231115, -0.7078177130396156, 6.982657781153955E-4, -0.7063947887210604, -0.40229565565597253, -0.6276111382369981, 0.1847754792843173, 0.0
0.34715587421487715, 0.8712504840073422, -0.34699480272055455, 0.6152047070171758, -0.4908381683148501, -0.6169287325041962, -0.7078177501744468, 6.975975165888293E-4, -0.7063947521716801, -0.4016808774269711, -0.6279823295191734, 0.18475330332321396, 0.0
0.3465451406888565, 0.8717368305683083, -0.34638326128099967, 0.6155488961344768, -0.4899738896779418, -0.6172723417596931, -0.7078177886522548, 6.968963974732104E-4, -0.7063947143083981, -0.4010355428794859, -0.6283711177498463, 0.18473003822899148, 0.0
0.3459055884204019, 0.8722449173486136, -0.34574286407537874, 0.6159084718558908, -0.4890688290181708, -0.6176313097463055, -0.7078178283963162, 6.961625569138234E-4, -0.7063946752078595, -0.4003597302258654, -0.628777333634618, 0.18470568867135198, 0.0
0.34523729296602995, 0.8727745196486787, -0.34507368690977525, 0.6162832752936926, -0.48812309336502324, -0.6180054775785079, -0.7078178693271076, 6.953961309560152E-4, -0.7063946349495123, -0.3996535156777961, -0.6292008041334682, 0.18468025931699103, 0.0
0.34454032817400404, 0.8733254078291622, -0.3443758038854894, 0.616673144069361, -0.487136787334605, -0.6183946828756934, -0.7078179113623496, 6.945972555720808E-4, -0.7063945936155611, -0.39891697350310934, -0.6296413525096964, 0.18465375482964622, 0.0
0.343814766236279, 0.8738973473768786, -0.3436492874509529, 0.617077912360142, -0.4861100132030811, -0.6187987598088327, -0.7078179544170535, 6.937660666887519E-4, -0.7063945512909219, -0.39815017608303244, -0.6300987983783232, 0.18462617987014537, 0.0
0.34306067774085125, 0.8744900989700555, -0.3428942084540515, 0.6174974109451452, -0.48504287098069065, -0.6192175391466651, -0.707817998403566, 6.929027002152257E-4, -0.7063945080631768, -0.3973531939698618, -0.6305729577539758, 0.18459753909645457, 0.0
0.3422781317244918, 0.8751034185429513, -0.3421106361948308, 0.6179314672509887, -0.483935458486303, -0.6196508483014384, -0.7078180432316148, 6.920072920717814E-4, -0.7063944640225288, -0.39652609594503263, -0.6310636430982786, 0.184567837163726, 0.0
0.3414671957258407, 0.8757370573498696, -0.34129863847856406, 0.6183799053970149, -0.48278787142248614, -0.6200985113742202, -0.707818088808353, 6.910799782188521E-4, -0.7063944192617566, -0.3956689490775644, -0.6315706633667706, 0.18453707872434563, 0.0
0.3406279358388402, 0.8763907620285908, -0.34045828166916, 0.6188425462400967, -0.48160020345105437, -0.6205603491997996, -0.7078181350384044, 6.901208946866119E-4, -0.7063943738761697, -0.3947818187828561, -0.6320938240553713, 0.18450526842798065, 0.0
0.3397604167664855, 0.8770642746632502, -0.339589630742888, 0.6193192074190507, -0.4803725462690655, -0.6210361793911959, -0.7078181818239081, 6.891301776050275E-4, -0.706394327963564, -0.393864768881812, -0.6326329272464172, 0.1844724109216268, 0.0
0.33886470187487205, 0.8777573328466924, -0.33869274934240196, 0.619809703398681, -0.47910498968523807, -0.6215258163837986, -0.7078182290645625, 6.88107963234293E-4, -0.7063942816241774, -0.3929178616602729, -0.6331877716542885, 0.18443851084965537, 0.0
0.33794085324751744, 0.8784696697423253, -0.3377676998310376, 0.620313845513468, -0.4777976216967578, -0.6220290714791517, -0.7078182766576697, 6.870543879957079E-4, -0.7063942349606447, -0.3919411579287329, -0.6337581526706493, 0.18440357285386036, 0.0
0.3369889317399386, 0.8792010141455022, -0.336814543347367, 0.6208314420109243, -0.4764505285664443, -0.6225457528884062, -0.7078183244981806, 6.859695885029164E-4, -0.7063941880779542, -0.3909347170823183, -0.6343438624093206, 0.18436760157350499, 0.0
0.3360089970344625, 0.8799510905444583, -0.3358333398599864, 0.6213622980946347, -0.47506379490024925, -0.6230756657754567, -0.7078183724787378, 6.848537015934613E-4, -0.7063941410834027, -0.3898985971610086, -0.6349446897508068, 0.18433060164536866, 0.0
0.3350011076952503, 0.8807196191808268, -0.33482414822251855, 0.6219062159670001, -0.47363750372505714, -0.6236186122997803, -0.7078184204897204, 6.837068643607332E-4, -0.7063940940865524, -0.3888328549100779, -0.6355604203864973, 0.18429257770379318, 0.0
0.3339653212235162, 0.8815063161097608, -0.3337870262288096, 0.6224629948717021, -0.4721717365667606, -0.6241743916589989, -0.7078184684192871, 6.82529214186104E-4, -0.7063940471991865, -0.38773754584073533, -0.6361908368625624, 0.18425353438072928, 0.0
0.3329016941129195, 0.8823108932596891, -0.33272203066830064, 0.6230324311359066, -0.47066657352858193, -0.6247428001311789, -0.7078185161534207, 6.81320888771441E-4, -0.7063940005352652, -0.386612724290945, -0.6368357186235643, 0.18421347630578289, 0.0
0.33181028190511164, 0.8831330584917252, -0.3316292173815531, 0.623614318212226, -0.46912209336961397, -0.6253236311168897, -0.7078185635759712, 6.800820261718028E-4, -0.7063939542108827, -0.38545844348640385, -0.6374948420558011, 0.18417240810626104, 0.0
0.33069113924541843, 0.8839725156587606, -0.33050864131591123, 0.6242084467204557, -0.46753837358355177, -0.6259166751810368, -0.707818610568699, 6.788127648283404E-4, -0.7063939083442232, -0.3842747556016578, -0.6381679805304077, 0.18413033440721813, 0.0
0.32954431993863836, 0.8848289646642636, -0.3293603565812801, 0.6248146044891022, -0.4659154904775892, -0.626521720094487, -0.7078186570113192, 6.775132436014422E-4, -0.7063938630555175, -0.3830617118213368, -0.6388549044462266, 0.18408725983150157, 0.0
0.3283698770049382, 0.885702101520809, -0.3281844165060014, 0.6254325765967218, -0.46425351925145336, -0.6271385508755035, -0.7078187027815441, 6.761836018040271E-4, -0.706393818467, -0.3818193624014876, -0.6395553812724736, 0.18404318899979774, 0.0
0.3271678627358274, 0.886591618408362, -0.3269808736928085, 0.6260621454130856, -0.46255253407655084, -0.627766949831007, -0.7078187477551267, 6.748239792349446E-4, -0.7063937747028647, -0.3805477567309866, -0.6402691755912131, 0.1839981265306775, 0.0
0.3259383287501926, 0.8874972037323406, -0.32574978007484184, 0.626703090640187, -0.4608126081751983, -0.6284066965976803, -0.7078187918059038, 6.734345162125767E-4, -0.7063937318892228, -0.3792469433930115, -0.6409960491396646, 0.18395207704064204, 0.0
0.3246813260503741, 0.8884185421814789, -0.32449118697170576, 0.627355189353109, -0.45903381389991355, -0.6290575681829323, -0.7078188348058391, 6.720153536084392E-4, -0.7063936901540591, -0.3779169702265543, -0.6417357608523546, 0.18390504514416808, 0.0
0.3233969050782663, 0.889355314785515, -0.3232051451455507, 0.6280182160407678, -0.4572162228127395, -0.6297193390057378, -0.7078188766250663, 6.705666328809569E-4, -0.7063936496271892, -0.37655788438795573, -0.6424880669031368, 0.18385703545375348, 0.0
0.3220851157714234, 0.8903071989727253, -0.3218917048571599, 0.6286919426465467, -0.4553599057645772, -0.6303917809373683, -0.7078189171319316, 6.690884961092144E-4, -0.7063936104402164, -0.37516973241244256, -0.6432527207470938, 0.18380805257996258, 0.0
0.32074600761915417, 0.8912738686273283, -0.3205509159220256, 0.6293761386088397, -0.4534649329745022, -0.6310746633420306, -0.707818956193037, 6.675810860267382E-4, -0.7063935727264888, -0.3737525602756498, -0.6440294731623409, 0.18375810113147148, 0.0
0.319379629718587, 0.8922549941467774, -0.3191828277663954, 0.630070570901514, -0.45153137410903904, -0.631767753117428, -0.7078189936732828, 6.660445460553964E-4, -0.7063935366210566, -0.37230641345510834, -0.6448180722917469, 0.18370718571511313, 0.0
0.3179860308306876, 0.8932502424989676, -0.31778748948327196, 0.6307750040743142, -0.4495592983613701, -0.6324708147352587, -0.7078190294359105, 6.644790203390906E-4, -0.706393502260629, -0.3708313369916806, -0.645618263684589, 0.18365531093592272, 0.0
0.3165652594362137, 0.8942592772793725, -0.31636494988834857, 0.6314892002932155, -0.4475487745304533, -0.6331836102816661, -0.7078190633425453, 6.628846537775866E-4, -0.706393469783532, -0.36932737555092604, -0.6464297903381598, 0.1836024813971826, 0.0
0.31511736379158767, 0.8952817587681364, -0.3149152575758638, 0.6322129193807468, -0.4454998711000256, -0.6339058994976575, -0.707819095253239, 6.612615920601923E-4, -0.706393439329665, -0.36779457348437844, -0.647252392739341, 0.18354870170046747, 0.0
0.31364239198467153, 0.8963173439871391, -0.3134384609743579, 0.6329459188562924, -0.4434126563174676, -0.6346374398195015, -0.7078191250265125, 6.596099816993314E-4, -0.7063934110404587, -0.366232974890717, -0.6480858089061585, 0.1834939764456892, 0.0
0.31214039199042737, 0.897365686757053, -0.3119346084023144, 0.6336879539763904, -0.4412871982725054, -0.6353779864191228, -0.7078191525193981, 6.579299700641347E-4, -0.7063933850588324, -0.36464262367681405, -0.6489297744293381, 0.18343831023114218, 0.0
0.31061141172644496, 0.8984264377544121, -0.31040374812366966, 0.6344387777750391, -0.4391235649757266, -0.6361272922445033, -0.7078191775874823, 6.56221705413837E-4, -0.706393361529151, -0.3630235636186418, -0.6497840225138725, 0.1833817076535478, 0.0
0.30905549910832325, 0.8994992445687136, -0.3088459284031749, 0.6351981411040254, -0.43692182443688676, -0.6368851080601063, -0.7078192000849484, 6.5448533693091E-4, -0.7063933405971828, -0.3613758384220206, -0.6506482840206174, 0.18332417330809977, 0.0
0.3074727021048857, 0.9005837517595664, -0.3072611975615929, 0.6359657926732877, -0.43468204474298333, -0.6376511824873348, -0.7078192198646186, 6.527210147542484E-4, -0.7063933224100575, -0.35969949178319166, -0.6515222875079302, 0.1832657117885088, 0.0
0.30586306879321556, 0.9016796009139078, -0.30564960403071456, 0.6367414790913267, -0.4324042941360738, -0.6384252620450365, -0.7078192367779972, 6.50928890012073E-4, -0.7063933071162224, -0.35799456744919705, -0.6524057592733647, 0.18320632768704756, 0.0
0.30422664741349476, 0.902786430703305, -0.30401119640817803, 0.6375249449056763, -0.4300886410908149, -0.6392070911900702, -0.7078192506753117, 6.491091148545722E-4, -0.706393294865401, -0.3562611092780504, -0.6532984233954372, 0.1831460255945954, 0.0
0.3025634864236291, 0.9039038769413562, -0.30234602351207457, 0.6383159326434452, -0.42773515439170173, -0.6399964123579414, -0.7078192614055565, 6.472618424864032E-4, -0.70639328580855, -0.3544991612986807, -0.6542000017754749, 0.18308481010068337, 0.0
0.3008736345536455, 0.9050315726412115, -0.300654134435326, 0.6391141828519424, -0.4253439032099823, -0.6407929660035224, -0.7078192688165347, 6.453872271988959E-4, -0.7063932800978173, -0.3527087677706337, -0.6551102141795623, 0.18302268579353895, 0.0
0.2991571408598442, 0.9061691480732259, -0.29893557859981706, 0.6399194341393983, -0.42291495718022637, -0.6415964906418673, -0.7078192727549003, 6.434854244020821E-4, -0.7063932778864991, -0.350889973243513, -0.6560287782805965, 0.1829596572601309, 0.0
0.29741405477869093, 0.9073162308227636, -0.29719040581026757, 0.6407314232157906, -0.4204483864765267, -0.6424067228891313, -0.7078192730662013, 6.415565906562962E-4, -0.7063932793289978, -0.3490428226161454, -0.656955409700464, 0.18289572908621404, 0.0
0.2956444261804345, 0.9084724458481643, -0.2954186663078281, 0.6415498849337858, -0.41794426188830963, -0.6432233975036065, -0.7078192695949214, 6.396008837036074E-4, -0.7063932845807791, -0.3471673611954536, -0.6578898220523514, 0.18283090585637418, 0.0
0.2938483054224314, 0.9096374155388903, -0.2936204108233853, 0.64237455232981, -0.4154026548957342, -0.6440462474268848, -0.7078192621845226, 6.376184624988998E-4, -0.7063932937983305, -0.3452636347550203, -0.6588317269832015, 0.18276519215407272, 0.0
0.2920257434021655, 0.9108107597738662, -0.2917956906305595, 0.6432051566652534, -0.41282363774465775, -0.6448750038251557, -0.7078192506774874, 6.356094872405627E-4, -0.7063933071391179, -0.3433316895933277, -0.6597808342163246, 0.18269859256169171, 0.0
0.29017679160994625, 0.911992095980024, -0.2899445575983808, 0.6440414274678227, -0.4102072835211465, -0.645709396130652, -0.7078192349153614, 6.335741194008759E-4, -0.7063933247615438, -0.34137157259165524, -0.6607368515941785, 0.18263111166057852, 0.0
0.28830150218126915, 0.9131810391910691, -0.28806706424362843, 0.6448830925730485, -0.4075536662255096, -0.646549152083248, -0.7078192147387953, 6.315125217560558E-4, -0.7063933468249047, -0.339383331271622, -0.6616994851213246, 0.18256275403109076, 0.0
0.28639992794882607, 0.9143772021064791, -0.2861632637828176, 0.6457298781659577, -0.4048628608458362, -0.6473939977722243, -0.7078191899875879, 6.294248584157863E-4, -0.7063933734893488, -0.3373670138523555, -0.6626684390075723, 0.18249352425264107, 0.0
0.2844721224941478, 0.9155801951507443, -0.28423321018382003, 0.6465815088229172, -0.4021349434310135, -0.6482436576782034, -0.7078191605007275, 6.273112948525367E-4, -0.7063934049158336, -0.3353226693072726, -0.6636434157113205, 0.18242342690374194, 0.0
0.2825181401988668, 0.916789626532867, -0.2822769582171022, 0.6474377075536605, -0.39936999116320615, -0.6490978547152668, -0.7078191261164355, 6.251719979302461E-4, -0.7063934412660826, -0.33325034742045656, -0.664624115983105, 0.18235246656205073, 0.0
0.2805380362955826, 0.918005102306126, -0.2802945635065682, 0.6482981958435029, -0.3965680824297738, -0.649956310273261, -0.7078190866722074, 6.230071359327113E-4, -0.7063934827025451, -0.33115009884261487, -0.6656102389093624, 0.18228064780441433, 0.0
0.2785318669183186, 0.9192262264281186, -0.27828608257999043, 0.6491626936957517, -0.3937292968946108, -0.6508187442602982, -0.707819042004856, 6.208168785914875E-4, -0.7063935293883512, -0.3290219751466024, -0.6666014819564166, 0.18220797520691429, 0.0
0.27649968915255224, 0.9204526008210913, -0.27625157291901686, 0.6500309196743216, -0.39085371556888193, -0.6516848751454613, -0.7078189919505536, 6.186013971132762E-4, -0.706393581487271, -0.32686602888249433, -0.6675975410146968, 0.18213445334491146, 0.0
0.2744415610848078, 0.9216838254325657, -0.2741910930087366, 0.6509025909465598, -0.3879414208811391, -0.6525544200017179, -0.7078189363448744, 6.163608642068691E-4, -0.7063936391636718, -0.3246823136321944, -0.6685981104431972, 0.18206008679309113, 0.0
0.27235754185179467, 0.9229194982962721, -0.2721047023867934, 0.6517774233262869, -0.3849924967467949, -0.6534270945490519, -0.7078188750228369, 6.140954541095783E-4, -0.7063937025824756, -0.3224708840635627, -0.6696028831141808, 0.18198488012550793, 0.0
0.27024769168907914, 0.9241592155933966, -0.26999246169202995, 0.6526551313170615, -0.38200702863693575, -0.6543026131978144, -0.7078188078189458, 6.118053426131115E-4, -0.7063937719091167, -0.3202317959840481, -0.670611550458139, 0.18190883791563064, 0.0
0.2681120719792737, 0.9254025717141512, -0.267854432712651, 0.6535354281556731, -0.3789851036464538, -0.6551806890923054, -0.7078187345672352, 6.094907070889888E-4, -0.7063938473094991, -0.3179651063938113, -0.6716238025090102, 0.18183196473638732, 0.0
0.2659507452997324, 0.9266491593196726, -0.2656906784338901, 0.6544180258558663, -0.3759268105614776, -0.6560610341545869, -0.7078186551013105, 6.071517265133497E-4, -0.7063939289499543, -0.31567087353832235, -0.6726393279496649, 0.18175426516021018, 0.0
0.26376377546973606, 0.9278985694042599, -0.2635012630851673, 0.6553026352523074, -0.37283223992608217, -0.6569433591285341, -0.7078185692543905, 6.047885814911141E-4, -0.7063940169971992, -0.31334915696041954, -0.6736578141576631, 0.18167574375908066, 0.0
0.2615512275971557, 0.9291503913579532, -0.2612862521867226, 0.6561889660447898, -0.36970148410826087, -0.6578273736241289, -0.7078184768593505, 6.024014542799494E-4, -0.7063941116182929, -0.3110000175518137, -0.674678947251289, 0.18159640510457434, 0.0
0.25931316812457855, 0.9304042130294623, -0.2590457125957136, 0.6570767268426895, -0.3665346373651368, -0.6587127861620006, -0.707818377748764, 5.999905288128077E-4, -0.7063942129805945, -0.30862351760402473, -0.6757024121358667, 0.1815162537679061, 0.0
0.257049664874886, 0.931659620789451, -0.25677971255176196, 0.6579656252096692, -0.3633317959073975, -0.659599304218216, -0.7078182717549458, 5.97555990721102E-4, -0.7063943212517211, -0.3062197208587352, -0.6767278925503644, 0.18143529431997488, 0.0
0.2547607870962671, 0.9329161995941769, -0.25448832172193697, 0.6588553677086385, -0.360093057962932, -0.6604866342693237, -0.7078181587099934, 5.950980273559947E-4, -0.7063944365995053, -0.3037886925575469, -0.6777550711142873, 0.18135353133140908, 0.0
0.2524466055066568, 0.9341735330495001, -0.25217161124516146, 0.6597456599469705, -0.3568185238396543, -0.661374481837655, -0.7078180384458302, 5.92616827810033E-4, -0.7063945591919522, -0.301330499491127, -0.6787836293748666, 0.18127096937261133, 0.0
0.25010719233758455, 0.9354312034752531, -0.24982965377602845, 0.660636206621978, -0.3535082959874907, -0.6622625515368842, -0.7078179107942479, 5.901125829373827E-4, -0.7063946891971977, -0.2988452100477288, -0.6798132478545447, 0.18118761301380357, 0.0
0.24774262137742076, 0.9366887919699854, -0.24746252352801473, 0.6615267115666527, -0.3501624790595172, -0.6631505471178503, -0.7078177755869479, 5.875854853739509E-4, -0.7063948267834658, -0.2963328942610744, -0.6808436060987615, 0.1811034668250722, 0.0
0.2453529680140085, 0.9379458784760806, -0.24507029631607852, 0.6624168777956684, -0.34678117997222513, -0.6640381715146427, -0.7078176326555845, 5.850357295566905E-4, -0.7063949721190259, -0.293793623857584, -0.6818743827240441, 0.18101853537641302, 0.0
0.24293830927666688, 0.9392020418452465, -0.2426530495986291, 0.6633064075516494, -0.3433645079648998, -0.6649251268909514, -0.7078174818318068, 5.824635117419874E-4, -0.7063951253721514, -0.2912274723029403, -0.6829052554664005, 0.1809328232377764, 0.0
0.2404987238775551, 0.9404568599043847, -0.24021086251885482, 0.6641950023517063, -0.33991257465809166, -0.6658111146866839, -0.7078173229473016, 5.798690300236886E-4, -0.7063952867110761, -0.2886345148479724, -0.6839359012300207, 0.1808463349791122, 0.0
0.23803429225238304, 0.9417099095218378, -0.23774381594539845, 0.6650823630342396, -0.33642549411116546, -0.6666958356648484, -0.7078171558338349, 5.77252484350213E-4, -0.7063954563039532, -0.2860148285738475, -0.6849659961362854, 0.18075907517041478, 0.0
0.23554509660045672, 0.9429607666740136, -0.23525199251236595, 0.6659681898060109, -0.33290338287890664, -0.6675789899587055, -0.7078169803232942, 5.74614076540983E-4, -0.7063956343188117, -0.28336849243655643, -0.6859952155730835, 0.18067104838176817, 0.0
0.23303122092404732, 0.9442090065123904, -0.23273547665865782, 0.6668521822894825, -0.32934636006717155, -0.6684602771191868, -0.7078167962477316, 5.719540103021337E-4, -0.7063958209235155, -0.2806955873106797, -0.687023234244439, 0.18058225918339088, 0.0
0.23049275106707023, 0.9454542034308994, -0.23019435466661065, 0.6677340395704252, -0.32575454738756077, -0.6693393961625802, -0.7078166034394048, 5.692724912415709E-4, -0.7063960162857199, -0.2779961960324222, -0.6880497262204468, 0.18049271214568105, 0.0
0.22792977475306359, 0.946695931133684, -0.2276287146999359, 0.6686134602457927, -0.3221280692111008, -0.6702160456184829, -0.7078164017308203, 5.665697268831954E-4, -0.7063962205728305, -0.2752704034419026, -0.6890743649875178, 0.18040241183926128, 0.0
0.22534238162245313, 0.9479337627032368, -0.22503864684094624, 0.6694901424718632, -0.3184670526209179, -0.6710899235780179, -0.7078161909547741, 5.638459266801843E-4, -0.70639643395196, -0.27251829642468556, -0.6900968234989316, 0.18031136283502358, 0.0
0.2227306632690942, 0.9491672706689088, -0.22242424312705567, 0.670363784012645, -0.3147716274638855, -0.6719607277423176, -0.7078159709443956, 5.611013020279526E-4, -0.7063966565898874, -0.2697399639525433, -0.6911167742256975, 0.18021956970417438, 0.0
0.22009471327607574, 0.9503960270757911, -0.21978559758654387, 0.6712340822885449, -0.3110419264012319, -0.672828155471266, -0.7078157415331885, 5.583360662759357E-4, -0.7063968886530149, -0.26693549712343634, -0.6921338892077193, 0.18012703701827915, 0.0
0.21743462725077914, 0.9516196035539641, -0.2171228062735719, 0.6721007344252987, -0.30727808495808945, -0.673691903832504, -0.7078155025550721, 5.55550434738622E-4, -0.7063971303073261, -0.264104989200698, -0.6931478401052651, 0.1800337693493074, 0.0
0.21475050285917752, 0.9528375713881132, -0.21443596730243922, 0.6729634373031593, -0.30348024157197173, -0.6745516696506909, -0.7078152538444248, 5.527446247062112E-4, -0.7063973817183444, -0.2612485356514139, -0.6941582982507378, 0.17993977126967747, 0.0
0.21204243985936622, 0.9540495015875041, -0.21172518088107067, 0.6738218876063408, -0.29964853764016197, -0.6754071495570213, -0.7078149952361248, 5.499188554536211E-4, -0.7063976430510914, -0.2583662341839821, -0.6951649347007441, 0.17984504735230109, 0.0
0.20931054013431366, 0.9552549649563151, -0.2089905493437228, 0.6746757818727143, -0.29578311756599773, -0.6762580400389936, -0.7078147265655921, 5.470733482496742E-4, -0.7063979144700443, -0.2554581847848436, -0.69616742028846, 0.17974960217062808, 0.0
0.2065549077238209, 0.9564535321643208, -0.20623217718289827, 0.6755248165437545, -0.29188412880403775, -0.6771040374904252, -0.7078144476688301, 5.4420832636487E-4, -0.7063981961390945, -0.25252448975437175, -0.6971654256762865, 0.17965344029869104, 0.0
0.20377564885568017, 0.9576447738179218, -0.2034501710804585, 0.676368688014729, -0.28795172190409285, -0.6779448382617147, -0.7078141583824678, 5.41324015078129E-4, -0.7063984882215064, -0.2495652537419071, -0.6981586214087951, 0.17955656631114975, 0.0
0.20097287197602312, 0.9588282605315143, -0.20064463993792525, 0.6772070926851305, -0.28398605055411313, -0.6787801387103412, -0.7078138585438, 5.384206416833293E-4, -0.7063987908798757, -0.24658058377993092, -0.6991466779659579, 0.17945898478333563, 0.0
0.1981466877788453, 0.9600035629991931, -0.1978156949059578, 0.6780397270093442, -0.2799872716219075, -0.6796096352516012, -0.7078135479908301, 5.354984354945663E-4, -0.7063991042760873, -0.24357058931736025, -0.7001292658166545, 0.17936070029129625, 0.0
0.19529720923470265, 0.961170252066782, -0.19496344941300026, 0.6788662875475466, -0.27595554519569243, -0.6804330244095742, -0.7078132265623106, 5.325576278506494E-4, -0.7063994285712754, -0.24053538225196047, -0.7011060554724557, 0.17926171741183936, 0.0
0.1924245516185633, 0.9623278988041818, -0.1920880191930855, 0.6796864710168311, -0.27189103462344594, -0.6812500028683147, -0.7078128940977846, 5.295984521187097E-4, -0.7063997639257803, -0.23747507696185868, -0.7020767175416766, 0.17916204072257724, 0.0
0.18952883253681116, 0.9634760745780314, -0.18918952231278768, 0.6804999743425537, -0.2677939065510611, -0.6820602675232634, -0.7078125504376266, 5.266211436971147E-4, -0.7064001104991091, -0.2343897903361518, -0.7030409227836903, 0.1790616748019707, 0.0
0.18661017195338922, 0.9646143511246705, -0.18626807919731567, 0.6813064947098927, -0.2636643309592823, -0.6828635155328722, -0.7078121954230837, 5.236259400172305E-4, -0.7064004684498938, -0.23127964180459729, -0.7039983421635028, 0.17896062422937306, 0.0
0.18366869221507293, 0.9657423006233962, -0.18332381265573433, 0.6821057296156195, -0.25950248119941055, -0.6836594443704361, -0.7078118288963167, 5.206130805445186E-4, -0.7064008379358505, -0.22814475336637619, -0.704948646906576, 0.1788588935850741, 0.0
0.18070451807586613, 0.966859495770006, -0.18035684790530876, 0.6828973769200669, -0.2553085340277678, -0.6844477518761272, -0.7078114507004399, 5.175828067786603E-4, -0.7064012191137391, -0.22498524961791988, -0.7058915085538962, 0.17875648745034356, 0.0
0.17771777672051065, 0.9679655098506147, -0.17736731259496036, 0.6836811348992972, -0.2510826696389074, -0.6852281363092213, -0.7078110606795632, 5.145353622528215E-4, -0.7064016121393218, -0.22180125777979065, -0.7068265990172796, 0.17865341040747496, 0.0
0.17470859778709988, 0.9690599168157357, -0.174355336827827, 0.6844567022974541, -0.24682507169755571, -0.6860002964005125, -0.7078106586788305, 5.114709925320704E-4, -0.7064020171673236, -0.21859290772260553, -0.7077535906349078, 0.17854966703982894, 0.0
0.17167711338878922, 0.9701422913546179, -0.17132105318291838, 0.6852237783792985, -0.24253592736927698, -0.6867639314049064, -0.7078102445444621, 5.083899452106022E-4, -0.7064024343513918, -0.21536033199199547, -0.7086721562270845, 0.17844526193187663, 0.0
0.168623458134596, 0.9712122089698257, -0.168264596735861, 0.6859820629829135, -0.23821542734984996, -0.6875187411541847, -0.7078098181237926, 5.052924699087968E-4, -0.7064028638440557, -0.21210366583259216, -0.7095819691522058, 0.1783401996692427, 0.0
0.16554776914927732, 0.972269246052049, -0.1651861050787196, 0.6867312565725763, -0.23386376589333965, -0.6882644261099335, -0.7078093792653134, 5.021788182683062E-4, -0.7064033057966859, -0.20882304721102946, -0.7104827033629375, 0.1782344848387485, 0.0
0.1624501860922841, 0.9733129799551359, -0.1620857183388946, 0.6874710602917847, -0.2294811408388615, -0.6890006874166268, -0.7078089278187101, 4.990492439471694E-4, -0.7064037603594563, -0.20551861683795664, -0.7113740334625864, 0.1781281220284548, 0.0
0.1593308511757783, 0.9743429890713307, -0.1589635791970814, 0.6882011760164322, -0.22506775363602183, -0.6897272269548557, -0.7078084636349031, 4.959040026135952E-4, -0.7064042276813031, -0.20219051818905048, -0.7122556347616615, 0.17802111582770447, 0.0
0.1561899091817097, 0.9753588529067078, -0.15581983290428902, 0.6889213064081204, -0.2206238093690262, -0.6904437473946945, -0.7078079865660873, 4.927433519387181E-4, -0.7064047079098856, -0.19883889752502168, -0.7131271833346111, 0.17791347082716483, 0.0
0.15302750747794427, 0.976360152156787, -0.15265462729790927, 0.6896311549676002, -0.2161495167794468, -0.691149952249196, -0.7078074964657707, 4.895675515888542E-4, -0.7064052011915475, -0.1954639039106054, -0.7139883560767292, 0.17780519161887012, 0.0
0.14984379603343692, 0.9773464687823173, -0.14946811281682953, 0.6903304260883343, -0.21164508828763712, -0.6918455459280036, -0.7078069931888133, 4.863768632163423E-4, -0.7064057076712774, -0.19206568923253003, -0.7148388307612202, 0.17769628279626337, 0.0
0.14663892743244314, 0.9783173860852155, -0.14626044251558415, 0.6910188251101675, -0.20711074001278812, -0.6925302337910737, -0.7078064765914669, 4.831715504498568E-4, -0.7064062274926703, -0.18864440821645662, -0.7156782860964108, 0.17758674895423837, 0.0
0.14341305688776274, 0.9792724887846421, -0.1430317720775367, 0.6916960583730978, -0.20254669179161405, -0.6932037222024946, -0.7078059465314117, 4.7995187888366653E-4, -0.7064067607978893, -0.1852002184428812, -0.7165064017830993, 0.1774765946891812, 0.0
0.14016634225301028, 0.9802113630932077, -0.13978225982708853, 0.6923618332711359, -0.19795316719566153, -0.693865718584395, -0.7078054028677969, 4.76718116065894E-4, -0.7064073077276265, -0.18173328036199504, -0.7173228585720318, 0.17736582459901165, 0.0
0.1368989440339059, 0.9811335967932847, -0.13651206674090685, 0.6930158583062438, -0.19333039354723341, -0.6945159314709292, -0.7078048454612769, 4.734705314858312E-4, -0.7064078684210658, -0.17824375730749456, -0.7181273383214918, 0.17725444328322448, 0.0
0.13361102539858252, 0.9820387793134164, -0.1332213564581689, 0.6936578431423419, -0.18867860193391994, -0.6951540705623293, -0.7078042741740499, 4.7020939656075567E-4, -0.7064084430158446, -0.17473181550933697, -0.7189195240549948, 0.17714245534293016, 0.0
0.1303027521869014, 0.9829265018048057, -0.12991029528981338, 0.6942874986593719, -0.18399802722172795, -0.695779846779012, -0.7078036888698956, 4.669349846208315E-4, -0.7064090316480163, -0.1711976241054322, -0.7196991000190747, 0.17702986538089555, 0.0
0.12697429291877585, 0.9837963572178656, -0.1265790522267993, 0.6949045370074038, -0.17928890806680678, -0.6963929723157307, -0.7078030894142119, 4.6364757089453756E-4, -0.7064096344520134, -0.16764135515227055, -0.7204657517411484, 0.17691667800158448, 0.0
0.12362581880149341, 0.9846479403788182, -0.12322779894736302, 0.6955086716607803, -0.17455148692575737, -0.6969931606957592, -0.7078024756740524, 4.6034743249184773E-4, -0.7064102515606098, -0.1640631836344769, -0.7212191660874494, 0.1768028978111975, 0.0
0.12025750373603644, 0.9854808480663219, -0.11985670982327357, 0.696099617472279, -0.16978601006452396, -0.6975801268250957, -0.7078018475181627, 4.570348483869391E-4, -0.7064108831048848, -0.16046328747328734, -0.7219590313210149, 0.17668852941771196, 0.0
0.11686952432239422, 0.9862946790881131, -0.11646596192507705, 0.696677090727287, -0.16499272756585945, -0.698153587046677, -0.7078012048170172, 4.537100994006227E-4, -0.7064115292141859, -0.15684184753394476, -0.7226850371597163, 0.17657357743092145, 0.0
0.11346205986386498, 0.9870890343576433, -0.11305573502633254, 0.6972408091979726, -0.1601718933353627, -0.6987132591945869, -0.7078005474428551, 4.503734681806093E-4, -0.7064121900160938, -0.1531990476320083, -0.7233968748343168, 0.176458046462475, 0.0
0.11003529237034218, 0.9878635169706936, -0.10962621160683017, 0.6977904921974417, -0.1553237651060769, -0.6992588626482502, -0.707799875269716, 4.4702523918210835E-4, -0.7064128656363855, -0.14953507453857184, -0.724094237146547, 0.17634194112591595, 0.0
0.10658940656058473, 0.9886177322819507, -0.10617757685479345, 0.6983258606338674, -0.15044860444165326, -0.6997901183865971, -0.7077991881734756, 4.4366569864637273E-4, -0.7064135561989994, -0.14585011798438918, -0.7247768185271802, 0.17622526603672062, 0.0
0.10312458986346543, 0.9893512879815234, -0.10271001866805843, 0.6988466370645781, -0.14554667673806695, -0.7003067490421857, -0.7077984860318804, 4.4029513457943814E-4, -0.7064142618259999, -0.14214437066290175, -0.7254443150940986, 0.17610802581233628, 0.0
0.09964103241819758, 0.990063794171383, -0.09922372765423113, 0.6993525457500934, -0.14061825122388857, -0.7008084789552699, -0.7077977687245837, 4.369138367291969E-4, -0.706414982637543, -0.1384180282321651, -0.7260964247103315, 0.17599022507221945, 0.0
0.0961389270735357, 0.9907548634417096, -0.09571889712981824, 0.6998433127080934, -0.1356636009591046, -0.7012950342277998, -0.7077970361331781, 4.3352209656175034E-4, -0.7064157187518412, -0.13467128931567313, -0.7267328470420561, 0.17587186843787303, 0.0
0.09261846938594887, 0.9914241109471225, -0.09219572311833094, 0.7003186657673055, -0.1306830028324848, -0.7017661427773401, -0.7077962881412316, 4.301202072369281E-4, -0.70641647028513, -0.1309043555020754, -0.7273532836165424, 0.17575296053288372, 0.0
0.08907985761676694, 0.9920711544827778, -0.08865440434735822, 0.7007783346213013, -0.1256767375574951, -0.7022215343908931, -0.70779552463432, 4.2670846358308645E-4, -0.7064172373516341, -0.1271174313437876, -0.727957437880031, 0.1756335059829587, 0.0
0.08552329272829469, 0.9926956145603142, -0.0850951422446119, 0.7012220508821831, -0.12064508966675255, -0.7026609407786137, -0.7077947455000606, 4.2328716207029604E-4, -0.7064180200635335, -0.12331072435449075, -0.7285450152555266, 0.17551350941596205, 0.0
0.08194897837889621, 0.9932971144836237, -0.08151814093293774, 0.7016495481341506, -0.11558834750502281, -0.7030840956274012, -0.7077939506281457, 4.198566007838078E-4, -0.7064188185309314, -0.11948444500552058, -0.7291157232004939, 0.17539297546195073, 0.0
0.07835712091704806, 0.9938752804244327, -0.07792360722429664, 0.7020605619869309, -0.1105068032207582, -0.7034907346543546, -0.7077931399103738, 4.164170793955202E-4, -0.7064196328618209, -0.11563880672114363, -0.72966927126444, 0.17527190875321025, 0.0
0.07474792937435909, 0.9944297414976686, -0.07431175061271195, 0.7024548301290607, -0.10540075275617553, -0.7038805956600767, -0.707792313240684, 4.129688991353353E-4, -0.7064204631620532, -0.11177402587272056, -0.730205371146368, 0.17515031392428979, 0.0
0.0711216154575597, 0.9949601298365943, -0.07068278326618549, 0.7028320923810033, -0.10027049583587544, -0.704253418581812, -0.7077914705151852, 4.0951236276118297E-4, -0.7064213095353059, -0.10789032177175556, -0.7307237367520872, 0.175028195612037, 0.0
0.06747839353945709, 0.9954660806676895, -0.06703692001757922, 0.7031920907480871, -0.09511633595399882, -0.7046089455464075, -0.7077906116321893, 4.0604777452840635E-4, -0.7064221720830515, -0.10398791666183049, -0.7312240842513641, 0.17490555845563235, 0.0
0.0638184806488635, 0.9959472323852581, -0.06337437835446957, 0.7035345694732527, -0.08993858035993138, -0.7049469209230758, -0.7077897364922409, 4.025754401583148E-4, -0.7064230509045265, -0.10006703570942921, -0.7317061321348969, 0.1747824070966229, 0.0
0.06014209645948951, 0.9964032266257407, -0.05969537840796679, 0.7038592750895907, -0.08473754004254336, -0.7052670913759514, -0.707788844998149, 3.9909566680570996E-4, -0.7064239460967012, -0.09612790699364404, -0.7321696012711006, 0.17465874617895583, 0.0
0.05644946327781255, 0.9968337083417123, -0.056000142940508424, 0.7041659564726573, -0.07951352971298095, -0.7055692059164222, -0.7077879370550156, 3.956087630256899E-4, -0.7064248577542497, -0.09217076149477388, -0.7326142149626853, 0.17453458034901134, 0.0
0.05274080602991486, 0.9972383258755417, -0.05228889733262321, 0.704454364892555, -0.07426686778599947, -0.705853015955223, -0.7077870125702663, 3.9211503873956555E-4, -0.7064257859695201, -0.08819583308180934, -0.7330396990030095, 0.17440991425563518, 0.0
0.04901635224729956, 0.9976167310326968, -0.04856186956867098, 0.7047242540657563, -0.06899787635985008, -0.706118275354274, -0.7077860714536788, 3.886148052004157E-4, -0.7064267308325054, -0.08420335849880972, -0.7334457817321977, 0.17428475255017056, 0.0
0.04527633205168041, 0.9979685791546655, -0.04481929022155784, 0.7049753802066663, -0.06370688119471712, -0.7063647404782524, -0.7077851136174117, 3.8510837495667194E-4, -0.7064276924308156, -0.08019357735017146, -0.7338321940929998, 0.17415909988648978, 0.0
0.04152097813875358, 0.9982935291914811, -0.04106139243643181, 0.7052075020788967, -0.058394211689713954, -0.7065921702458781, -0.7077841389760329, 3.8159606181603634E-4, -0.7064286708496487, -0.0761667320847938, -0.7341986696863806, 0.17403296092102502, 0.0
0.03775052576095157, 0.9985912437738232, -0.03728841191336102, 0.7054203810462472, -0.05306020085843963, -0.7068003261809024, -0.7077831474465462, 3.7807818080839994E-4, -0.706429666171764, -0.07212306797914042, -0.7345449448268212, 0.1739063403127991, 0.0
0.03396521270918193, 0.9988613892846759, -0.033500586888996375, 0.7056137811233706, -0.04770518530309972, -0.7069889724627798, -0.70778213894842, 3.745550481474291E-4, -0.7064306784774537, -0.06806283311920241, -0.7348707585973147, 0.17377924272345516, 0.0
0.03016527929355682, 0.9991036359305205, -0.02969815811722465, 0.7057874690261123, -0.042329505187200134, -0.7071578759770137, -0.7077811134036119, 3.7102698119165223E-4, -0.7064317078445183, -0.06398627838136617, -0.7351758529040429, 0.17365167281728627, 0.0
