0.3531992767702814, 0.8660250098368656, -0.35390811410026607, 0.6117531992907237, -0.5000006823251892, -0.6129904900011981, -0.7078193936637468, 3.37667969932881E-6, -0.7063934498153872, -0.4083054163743389, -0.6236324170166996, 0.18495621812306579, 0.0
0.35318385533539054, 0.8660376095138054, -0.3538926719191052, 0.6117621086471297, -0.49997885844933226, -0.6129993992878947, -0.7078193885123855, 3.3639507784274427E-6, -0.706393454977208, -0.4082891322806165, -0.6236424751122734, 0.18495562100766524, 0.0
0.3531376722106292, 0.8660753378320875, -0.3538464266665611, 0.6117887867163864, -0.49991350170601967, -0.6130260771452688, -0.7078193730845109, 3.3258332295913617E-6, -0.7063934704364054, -0.40824036562247784, -0.6236725931218577, 0.1849538328552486, 0.0
0.35306084717289693, 0.866138083838809, -0.3537694982860912, 0.6118331550472951, -0.4998047816031705, -0.6130704451133486, -0.7078193474174247, 3.2624325060378847E-6, -0.7063934961555973, -0.4081592425845228, -0.6237226829853354, 0.18495085845429435, 0.0
0.35295349737201803, 0.8662257301379385, -0.35366200409410126, 0.6118951306357395, -0.49965286393347313, -0.6131324201731213, -0.7078193115457729, 3.1738562153282705E-6, -0.7063935321000574, -0.4080458863854227, -0.6237926518347952, 0.18494670259038098, 0.0
0.35281573736931204, 0.8663381529755161, -0.35352405881851956, 0.6119746259848898, -0.49945791082893715, -0.6132119148068206, -0.7078192655015847, 3.060214092467158E-6, -0.7063935782376793, -0.40790041732125676, -0.6238824020579848, 0.18494137004622757, 0.0
0.3526476791771031, 0.8664752223236171, -0.3533557746383117, 0.6120715491645324, -0.4992200808167701, -0.6133088370573396, -0.707819209314308, 2.9216179740134004E-6, -0.706393634538939, -0.4077229528098287, -0.6239918313607964, 0.18493486560173425, 0.0
0.3524494322991377, 0.8666368019631098, -0.35315726122390456, 0.6121858038695474, -0.49893952887654236, -0.6134230905867905, -0.7078191430108483, 2.758181773173502E-6, -0.7063937009768567, -0.4075136074359319, -0.6241208328288046, 0.184927194034023, 0.0
0.3522211037718794, 0.8668227495652308, -0.35292862577848805, 0.6123172894775488, -0.4986164064985909, -0.6135545747342279, -0.7078190666156051, 2.5700214558533946E-6, -0.7063937775269603, -0.4072724929975301, -0.6242692949878828, 0.18491836011747867, 0.0
0.3519627982066491, 0.8670329167720108, -0.3526699730801659, 0.6124659011057152, -0.49825086174362276, -0.6137031845725597, -0.707818980150511, 2.357255017640175E-6, -0.7063938641672461, -0.4069997185528221, -0.6244371018639159, 0.18490836862379018, 0.0
0.35167461783258486, 0.8672671492755759, -0.3523814055249245, 0.6126315296668219, -0.49784303930347507, -0.6138688109646622, -0.707818883635069, 2.1200024616875243E-6, -0.7063939608781422, -0.40669539046815906, -0.6246241330416362, 0.1848972243219917, 0.0
0.3513566625403882, 0.8675252868963553, -0.35206302317039195, 0.6128140619245018, -0.49739308056299153, -0.6140513406187221, -0.7078187770863898, 1.8583857774778691E-6, -0.7063940676424696, -0.4063596124667857, -0.6248302637226021, 0.18488493197850436, 0.0
0.35100902992683225, 0.8678071636602229, -0.3517149237803583, 0.6130133805477522, -0.49690112366297406, -0.6142506561428241, -0.7078186605192326, 1.5725289204382951E-6, -0.7063941844454034, -0.4059924856783725, -0.6250553647823434, 0.1848714963571777, 0.0
0.35063181534, 0.868112607874601, -0.3513372028700283, 0.6132293641647089, -0.49636730356417025, -0.614466636098805, -0.7078185339460411, 1.2625577923779628E-6, -0.7063943112744347, -0.4055941086893117, -0.6252993028266963, 0.18485692221933164, 0.0
0.35022511192522815, 0.8684414422035572, -0.3509299537519801, 0.6134618874157057, -0.49579175211225845, -0.6146991550553947, -0.7078183973769834, 9.286002227264223E-7, -0.7063944481193326, -0.4051645775937477, -0.6255619402473506, 0.1848412143237983, 0.0
0.3497890106717279, 0.8687934837419212, -0.35049326758280247, 0.6137108210056448, -0.49517459810379033, -0.6149480836406656, -0.7078182508199908, 5.707859505482173E-7, -0.706394594972104, -0.404703986045312, -0.6258431352766305, 0.18482437742696417, 0.0
0.3493236004598557, 0.8691685440884503, -0.3500272334103827, 0.6139760317556906, -0.4945159673530549, -0.6152132885938072, -0.7078180942807962, 1.892466073012515E-7, -0.7063947518269555, -0.4042124253095371, -0.6261427420415348, 0.18480641628281216, 0.0
0.3488289681090097, 0.869566429418075, -0.3495319382218215, 0.614257382654318, -0.4938159827598263, -0.6154946328162524, -0.7078179277629736, -2.1588429968688594E-7, -0.7063949186802545, -0.4036899843169196, -0.6264606106170559, 0.1847873356429641, 0.0
0.3483051984261228, 0.8699869405532508, -0.34900746699194496, 0.6145547329077232, -0.49307476437795816, -0.6157919754221692, -0.7078177512679771, -6.444714030296242E-7, -0.7063950955304891, -0.40313674971660624, -0.6267965870788035, 0.18476714025672294, 0.0
0.3477523742547306, 0.8704298730344457, -0.3484539027323936, 0.6148679379896294, -0.49229242948478963, -0.6161051717883438, -0.7078175647951802, -1.0963774904381232E-6, -0.7063952823782298, -0.4025528059306771, -0.6271505135549523, 0.1847458348711155, 0.0
0.3471705765245867, 0.8708950171897941, -0.34787132654125735, 0.615196849690497, -0.49146909265132693, -0.6164340736034708, -0.7078173683419149, -1.5714635192166232E-6, -0.7063954792260895, -0.40193823520899796, -0.6275222282775401, 0.18472342423093496, 0.0
0.34655988430180157, 0.8713821582039432, -0.3472598176532377, 0.6155413161661693, -0.49060486581316615, -0.6167785289168755, -0.7078171619035116, -2.069588630145003E-6, -0.7063956860786842, -0.40129311768461806, -0.6279115656331358, 0.1846999130787835, 0.0
0.3459203748394803, 0.8718910761861218, -0.34661945349030776, 0.6159011819859631, -0.48969985834212254, -0.6171383821866846, -0.7078169454733385, -2.5906101607624243E-6, -0.7063959029425935, -0.4006175314296857, -0.6283183562129011, 0.18467530615511524, 0.0
0.34525212362883667, 0.8724215462374607, -0.3459503097128497, 0.6162762881802336, -0.48875417711853253, -0.6175134743274672, -0.7078167190428409, -3.1343836580629073E-6, -0.7063961298263205, -0.39991155251185856, -0.6287424268620694, 0.18464960819827905, 0.0
0.34455520445075866, 0.872973338517591, -0.3452524602712446, 0.6166664722874275, -0.48776792660419543, -0.6179036427573665, -0.7078164826015818, -3.7007628906618115E-6, -0.7063963667402524, -0.39917525505118323, -0.6291836007288609, 0.18462282394456148, 0.0
0.343829689427802, 0.8735462183105513, -0.3445259774578916, 0.6170715684006474, -0.4867412089159226, -0.6183087214447416, -0.7078162361372803, -4.289599860423689E-6, -0.706396613696621, -0.39840871127741967, -0.6296416973128609, 0.18459495812822976, 0.0
0.34307564907659105, 0.87413994609003, -0.3437709319596339, 0.6174914072137466, -0.48567412389965986, -0.6187285409543386, -0.7078159796358532, -4.900744813589666E-6, -0.7063968707094619, -0.3976119915877868, -0.6301165325128785, 0.1845660154815749, 0.0
0.34229315236060165, 0.8747542775839703, -0.342987392910568, 0.6179258160669736, -0.48456676920515374, -0.6191629284930127, -0.7078157130814535, -5.5340462514191086E-6, -0.7063971377945751, -0.39678516460510593, -0.630607918674311, 0.18453600073495474, 0.0
0.34148226674330595, 0.875388963838568, -0.3421754279452164, 0.6183746189921874, -0.4834192403611282, -0.6196117079550197, -0.7078154364565108, -6.189350940408872E-6, -0.7063974149694854, -0.39592829723631817, -0.6311156646360351, 0.18450491861683727, 0.0
0.34064305824165647, 0.876043751281688, -0.3413351032520379, 0.6188376367576597, -0.48223163085094184, -0.6200746999668957, -0.7078151497417714, -6.866503922004288E-6, -0.7063977022534013, -0.39504145473135405, -0.6316395757768447, 0.18447277385384367, 0.0
0.3397755914798877, 0.876718381785726, -0.34046648362725845, 0.6193146869124888, -0.48100403218869514, -0.6205517219319454, -0.7078148529163388, -7.5653485220091715E-6, -0.7063979996671759, -0.3941247007423312, -0.6321794540614598, 0.18443957117079168, 0.0
0.3388799297436141, 0.8774125927299454, -0.3395696325289971, 0.6198055838306392, -0.4797365339957565, -0.6210425880743594, -0.7078145459577131, -8.285726359500561E-6, -0.7063983072332657, -0.3931780973830594, -0.6327350980861255, 0.18440531529073886, 0.0
0.3379561350342034, 0.8781261170623127, -0.338644612131669, 0.6203101387546286, -0.4784292240776789, -0.6215471094829764, -0.7078142288418314, -9.027477355448565E-6, -0.7063986249756918, -0.3922017052888299, -0.6333063031238224, 0.1843700109350259, 0.0
0.33700426812340517, 0.8788586833608625, -0.33769148338064303, 0.6208281598388808, -0.47708218850147655, -0.6220650941547115, -0.7078139015431081, -9.790439740956294E-6, -0.7063989529199987, -0.3911955836764679, -0.6338928611691114, 0.18433366282331998, 0.0
0.3360243886082127, 0.8796100158946134, -0.33671030604713403, 0.6213594521927629, -0.47569551167323293, -0.6225963470376696, -0.7078135640344753, -1.0574450065208366E-5, -0.7063992910932138, -0.3901597904046264, -0.6344945609826306, 0.18429627567365808, 0.0
0.33501655496593924, 0.880379834684066, -0.3357011387833091, 0.6219038179233255, -0.4742692764160116, -0.6231406700739599, -0.7078132162874221, -1.137934320308634E-5, -0.7063996395238078, -0.38909438203430047, -0.6351111881352667, 0.18425785420249052, 0.0
0.33398082460948775, 0.8811678555613044, -0.3346640391775886, 0.6224610561777636, -0.4728035640480422, -0.6236978622422331, -0.7078128582720361, -1.2204952362523946E-5, -0.7063999982416547, -0.3879994138895414, -0.6357425250520214, 0.18421840312472418, 0.0
0.33291725394279603, 0.8819737902297312, -0.3335990638101219, 0.6230309631856178, -0.4712984544611519, -0.624267719599957, -0.7078124899570428, -1.3051109091624657E-5, -0.7064003672779903, -0.3868749401183492, -0.6363883510555918, 0.1841779271537659, 0.0
0.33182589841643473, 0.8827973463234566, -0.33250626830841706, 0.6236133323007322, -0.46975402619941675, -0.6248500353254482, -0.7078121113098463, -1.391764328546527E-5, -0.7064007466653733, -0.3857210137537239, -0.6370484424096848, 0.18413643100156601, 0.0
0.33070681258334195, 0.8836382274663704, -0.3313857074031067, 0.6242079540429862, -0.46817035653800354, -0.6254445997596809, -0.7078117222965692, -1.4804383192800613E-5, -0.7064011364376439, -0.3845376867748548, -0.6377225723620858, 0.18409391937866168, 0.0
0.32956005015467377, 0.88449613333092, -0.3302374349838311, 0.6248146161398201, -0.4665475215621777, -0.6260512004478853, -0.7078113228820927, -1.5711155422475087E-5, -0.7064015366298841, -0.38332501016842835, -0.6384105111875003, 0.18405039699422024, 0.0
0.3283856640557522, 0.885370759696619, -0.32906150415521757, 0.6254331035675692, -0.4648855962464483, -0.6266696221809561, -0.7078109130300979, -1.6637784949695422E-5, -0.7064019472783772, -0.38208303399003485, -0.6391120262301879, 0.18400586855608259, 0.0
0.3271837064820918, 0.8862617985083088, -0.3278579672929395, 0.6260631985926247, -0.4631846545338234, -0.6272996470366886, -0.7078104927031048, -1.7584095122140375E-5, -0.7064023684205678, -0.3808118074256533, -0.6398268819464071, 0.18396033877080664, 0.0
0.32595422895548654, 0.8871689379342002, -0.32662687609983587, 0.6267046808124376, -0.46144476941515344, -0.6279410544208559, -0.7078100618625135, -1.8549907665948995E-5, -0.7064028000950208, -0.37951137885319736, -0.6405548399466905, 0.18391381234371054, 0.0
0.32469728238013856, 0.8880918624237151, -0.32536828166207266, 0.6273573271963817, -0.4596660130085315, -0.628593621108147, -0.7078096204686432, -1.953504269157358E-5, -0.7064032423413823, -0.37818179590410067, -0.6412956590379659, 0.18386629397891607, 0.0
0.3234129170988115, 0.8890302527651525, -0.32408223450532814, 0.6280209121264935, -0.45784845663872836, -0.6292571212829787, -0.7078091684807738, -2.0539318699549364E-5, -0.706403695200338, -0.37682310552492476, -0.642049095265546, 0.18381778837939197, 0.0
0.3221011829489883, 0.8899837861432021, -0.3227687846509843, 0.6286952074381026, -0.45599217091663696, -0.6299313265802023, -0.7078087058571854, -2.1562552586139316E-5, -0.7064041587135745, -0.3754353540389697, -0.6428149019549984, 0.18376830024699708, 0.0
0.32076212931901915, 0.8909521361963256, -0.32142798167230674, 0.62937998246037, -0.45409722581869816, -0.6306160061257137, -0.7078082325551979, -2.2604559649020556E-5, -0.7064046329237379, -0.3740185872078689, -0.6435928297539192, 0.18371783428252364, 0.0
0.31939580520423816, 0.8919349730740295, -0.3200598747505949, 0.6300750040567493, -0.45216369076628726, -0.6313109265769888, -0.707807748531212, -2.3665153592786897E-5, -0.7064051178743945, -0.3725728502931504, -0.6443826266736231, 0.18366639518574046, 0.0
0.31800225926303466, 0.8929319634940491, -0.31866451273128543, 0.6307800366653853, -0.4501916347050322, -0.6320158521635557, -0.7078072537407487, -2.4744146534565886E-5, -0.7064056136099901, -0.3710981881177454, -0.645184038130768, 0.18361398765543607, 0.0
0.31658153987285986, 0.8939427707994665, -0.31724194417999213, 0.6314948423394648, -0.448181126184043, -0.6327305447274195, -0.7078067481384895, -2.584134900952134E-5, -0.7064061201758106, -0.369594645127427, -0.645996806988931, 0.1835606163894618, 0.0
0.31513369518615236, 0.8949670550157806, -0.3157922174384636, 0.6322191807875357, -0.44613223343502534, -0.6334547637634537, -0.7078062316783162, -2.695656997641488E-5, -0.7064066376179412, -0.3680622654521603, -0.6468206736001527, 0.1835062860847748, 0.0
0.3136587731861657, 0.8960044729079522, -0.3143153806804437, 0.6329528094138066, -0.44404502445125554, -0.6341882664597737, -0.707805704313351, -2.8089616823219477E-5, -0.7064071659832273, -0.36650109296734695, -0.6476553758464623, 0.18345100143748094, 0.0
0.3121568217426807, 0.8970546780374408, -0.31281148196741665, 0.6336954833584418, -0.44191956706639307, -0.6349308077381047, -0.7078051659959956, -2.9240295372705283E-5, -0.7064077053192344, -0.3649111713549457, -0.648500649181403, 0.1833947671428779, 0.0
0.31062788866758734, 0.8981173208192553, -0.3112805693042204, 0.6344469555378647, -0.4397559290331072, -0.6356821402941594, -0.7078046166779726, -3.0408409888160737E-5, -0.7064082556742077, -0.3632925441644524, -0.6493562266715711, 0.18333758789549784, 0.0
0.3090720217703164, 0.8991920485790348, -0.30972269069451136, 0.6352069766850843, -0.43755417810149294, -0.6364420146380356, -0.7078040563103631, -3.1593763079103276E-5, -0.7064088170970337, -0.3616452548737209, -0.6502218390381818, 0.18327946838915032, 0.0
0.30748926891310896, 0.9002785056101785, -0.3081378941960652, 0.6359752953900562, -0.43531438209725604, -0.6372101791346516, -0.7078034848436483, -3.279615610722597E-5, -0.7064093896371988, -0.359969346949609, -0.65109721469868, 0.18322041331696484, 0.0
0.3058796780661035, 0.901376333231046, -0.30652622797589596, 0.6367516581400908, -0.4330366089996403, -0.6379863800442273, -0.707802902227747, -3.401538859229558E-5, -0.706409973344751, -0.3582648639084317, -0.6519820798084066, 0.18316042737143357, 0.0
0.3042432973622268, 0.9024851698422389, -0.30488774036517885, 0.6375358093603231, -0.43072092701907794, -0.6387703615628263, -0.7078023084120575, -3.525125861821715E-5, -0.7064105682702598, -0.356531849376204, -0.6528761583023365, 0.18309951524445386, 0.0
0.30258017515187213, 0.903604650983986, -0.3032224799139588, 0.6383274914542524, -0.42836740467453716, -0.639561865862969, -0.7078017033454949, -3.65035627393831E-5, -0.7064111744647774, -0.3547703471486585, -0.6537791719368999, 0.18303768162737066, 0.0
0.3008903600573473, 0.9047344093936476, -0.3015304954456307, 0.6391264448443682, -0.4259761108705468, -0.6403606331343317, -0.7078010869765309, -3.7772095986939036E-5, -0.7064117919797985, -0.3529804012510189, -0.6546908403319021, 0.18297493121101885, 0.0
0.2991739010270805, 0.9058740750633527, -0.2998118361111749, 0.6399324080128694, -0.4235471149738754, -0.6411664016245369, -0.707800459253234, -3.9056651875375714E-5, -0.7064124208672219, -0.3511620559975144, -0.655610881012551, 0.1829112686857656, 0.0
0.29743084738956344, 0.907023275297787, -0.29806655144313127, 0.6407451175424902, -0.4210804868898407, -0.6419789076800535, -0.7077998201233077, -4.035702240929445E-5, -0.7064130611793106, -0.3493153560506172, -0.6565390094516096, 0.18284669874155232, 0.0
0.2956612489070203, 0.9081816347721472, -0.2962946914092983, 0.6415643081574429, -0.4185762971382297, -0.642797885787212, -0.7077991695341289, -4.167299809030439E-5, -0.7064137129686533, -0.3474403464799886, -0.6574749391116804, 0.18278122606793695, 0.0
0.2938651558287852, 0.9093487755902712, -0.2944963064661398, 0.6423897127644874, -0.41603461692880683, -0.6436230686133461, -0.7077985074327884, -4.300436792418344E-5, -0.7064143762881256, -0.345537072821115, -0.6584183814876361, 0.18271485535413567, 0.0
0.2920426189443728, 0.9105243173429667, -0.2926714476118848, 0.6432210624941379, -0.4134555182363882, -0.6444541870480722, -0.7077978337661284, -4.435091942824737E-5, -0.7064150511908506, -0.34360558113362, -0.6593690461492079, 0.1826475912890648, 0.0
0.2901936896362276, 0.9117078771665446, -0.2908201664393062, 0.6440580867420163, -0.41083907387546026, -0.6452909702447162, -0.7077971484807819, -4.5712438638954855E-5, -0.7064157377301606, -0.3416459180592354, -0.6603266407837403, 0.18257943856138248, 0.0
0.28831841993213625, 0.9128990698015721, -0.28894251518816094, 0.6449005132103619, -0.40818535757432267, -0.6461331456618936, -0.7077964515232104, -4.708871011976923E-5, -0.7064164359595587, -0.33965813087941465, -0.6612908712391252, 0.1825104018595302, 0.0
0.2864168625572882, 0.9140975076518617, -0.2870385467972793, 0.6457480679497045, -0.4054944440487328, -0.646980439105258, -0.7077957428397426, -4.847951696929087E-5, -0.7064171459326801, -0.33764226757257504, -0.6622614415669237, 0.18244048587177436, 0.0
0.2844890709859701, 0.9153028008437027, -0.28510831495628586, 0.6466004754007134, -0.4027664090750316, -0.6478325747694195, -0.7077950223766136, -4.98846408296047E-5, -0.7064178677032537, -0.33559837687094995, -0.6632380540656849, 0.18236969528624733, 0.0
0.2825350994928779, 0.9165145572853504, -0.2831518741569398, 0.6474574584362246, -0.40000132956272993, -0.6486892752800468, -0.7077942900800019, -5.130386189503011E-5, -0.7064186013250642, -0.33352650831703856, -0.6642204093244737, 0.18229803479098877, 0.0
0.28055500320403437, 0.9177323827267843, -0.2811692797440777, 0.6483187384034613, -0.39719928362653467, -0.6495502617361583, -0.7077935458960675, -5.2736958921058286E-5, -0.7064193468519141, -0.3314267123196353, -0.6652082062666126, 0.1822255090739866, 0.0
0.27854883814729436, 0.9189558808197422, -0.27916058796614557, 0.6491840351664477, -0.39436035065779285, -0.650415253752609, -0.7077927897709899, -5.418370923363641E-5, -0.7064201043375853, -0.3292990402094247, -0.6662011421936493, 0.18215212282321774, 0.0
0.2765166613024265, 0.9201846531780458, -0.27712585602530615, 0.6500530671486294, -0.3914846113953359, -0.651283969502783, -0.7077920216510064, -5.564388873884746E-5, -0.7064208738358027, -0.32714354429412656, -0.6671989128295567, 0.18207788072668898, 0.0
0.27445853065075493, 0.9214182994382216, -0.27506514212710476, 0.650925551375703, -0.3885721479957011, -0.6521561257614956, -0.7077912414824483, -5.7117271932742575E-5, -0.7064216554001949, -0.32496027791317506, -0.668201212365172, 0.18200278747247736, 0.0
0.27237450522434764, 0.9226564173204306, -0.2729785055296825, 0.6518012035186636, -0.3856230441027111, -0.6530314379481126, -0.7077904492117799, -5.860363191176332E-5, -0.706422449084258, -0.3227492954919184, -0.6692077335028858, 0.18192684774877055, 0.0
0.27026464515473686, 0.9238986026897136, -0.2708660065925201, 0.6526797379370759, -0.38263738491639265, -0.6539096201698932, -0.707789644785634, -6.0102740383302655E-5, -0.7064232549413182, -0.3205106525953223, -0.670218167501583, 0.18185006624390707, 0.0
0.2681290117211583, 0.9251444496175573, -0.26872770682470015, 0.653560867722572, -0.37961525726121276, -0.6547903852655608, -0.7077888281508501, -6.161436767668227E-5, -0.7064240730244944, -0.31824440598116405, -0.6712322042218462, 0.18177244764641629, 0.0
0.26596766739829425, 0.9263935504437962, -0.2665636689326732, 0.6544443047425862, -0.37655674965361424, -0.655673444849109, -0.7077879992545106, -6.3138282754574E-5, -0.7064249033866616, -0.3159506136527013, -0.6722495321714265, 0.18169399664505811, 0.0
0.2637806759035082, 0.9276454958388481, -0.26437395686751325, 0.6553297596843266, -0.3734619523688301, -0.6565585093538456, -0.7077871580439778, -6.467425322476128E-5, -0.7064257460804144, -0.3136293349108011, -0.673269838550986, 0.18161471792886286, 0.0
0.2615681022435554, 0.928899874866296, -0.2621586358716501, 0.6562169420989908, -0.3703309575069579, -0.6574452880766801, -0.7077863044669304, -6.622204535228216E-5, -0.7064266011580301, -0.3112806304055151, -0.6742928093001188, 0.18153461618717043, 0.0
0.25933001276075807, 0.9301562750458192, -0.25991777252506476, 0.65710556044623, -0.367163859058275, -0.6583334892226588, -0.7077854384713992, -6.778142407193322E-5, -0.7064274686714327, -0.30890456218708656, -0.6753181291436557, 0.18145369610966963, 0.0
0.2570664751786292, 0.9314142824164814, -0.2576514347909329, 0.657995322138863, -0.36396075296777536, -0.6592228199497522, -0.7077845600058036, -6.935215300125919E-5, -0.7064283486721565, -0.3065011937563733, -0.6763454816382554, 0.18137196238643727, 0.0
0.2547775586469344, 0.9326734816003773, -0.25535969206070597, 0.6588859335878468, -0.3607217371989095, -0.6601129864138959, -0.7077836690189875, -7.093399445391724E-5, -0.7064292412113112, -0.30407059011467497, -0.6773745492192875, 0.18128941970797677, 0.0
0.2524633337861764, 0.9339334558666458, -0.25304261519861354, 0.6597771002475031, -0.35744691179650767, -0.6610036938142899, -0.7077827654602546, -7.252670945340212E-5, -0.7064301463395448, -0.30161281781294824, -0.6784050132480116, 0.18120607276525688, 0.0
0.25012387273149017, 0.93519378719585, -0.2507002765855764, 0.6606685266610086, -0.3541363789488702, -0.6618946464389587, -0.7077818492794042, -7.41300577473819E-5, -0.7064310641070093, -0.29912794500039747, -0.6794365540590539, 0.18112192624975004, 0.0
0.24775924917593567, 0.9364540563447297, -0.24833275016251571, 0.6615599165061442, -0.35079024304900347, -0.662785547710573, -0.7077809204267659, -7.574379782225582E-5, -0.7064319945633247, -0.29661604147242565, -0.6804688510081853, 0.1810369848534704, 0.0
0.2453695384131748, 0.9377138429113282, -0.24594011147304626, 0.6624509726413116, -0.3474086107549868, -0.6636761002325382, -0.7077799788532351, -7.736768691825324E-5, -0.7064329377575448, -0.2940771787179335, -0.6815015825204046, 0.18095125326901168, 0.0
0.24295481737952043, 0.9389727254004958, -0.2435224377055405, 0.6633413971518152, -0.3439915910494485, -0.664566005835347, -0.7077790245103068, -7.900148104507398E-5, -0.7064338937381222, -0.2915114299659516, -0.6825344261383258, 0.180864736189585, 0.0
0.240515164695345, 0.9402302812897714, -0.24107980773455154, 0.6642308913964127, -0.340539295298137, -0.6654549656232003, -0.7077780573501116, -8.064493499777836E-5, -0.706434862552873, -0.288918870231593, -0.6835670585708745, 0.18077743830905602, 0.0
0.2380506607058356, 0.9414860870956433, -0.2386123021615819, 0.6651191560541325, -0.3370518373075671, -0.6663426800208968, -0.7077770773254481, -8.229780237330175E-5, -0.7064358442489441, -0.286299576361313, -0.6845991557422927, 0.18068936432198218, 0.0
0.23556138752108358, 0.9427397184401901, -0.23612000335518585, 0.6660058911713607, -0.3335293333817238, -0.6672288488209904, -0.7077760843898184, -8.395983558744102E-5, -0.7064368388727775, -0.28365362707746156, -0.6856303928414532, 0.18060051892364953, 0.0
0.23304742905549655, 0.9439907501181027, -0.23360299549039346, 0.6668907962091969, -0.3299719023778086, -0.6681131712312167, -0.7077750784974607, -8.563078589207684E-5, -0.7064378464700783, -0.28098110302211743, -0.6866604443714843, 0.1805109068101093, 0.0
0.23050887106652154, 0.9452387561640847, -0.23106136458744428, 0.6677735700910782, -0.3263796657610084, -0.668995345922188, -0.7077740596033832, -8.731040339325646E-5, -0.7064388670857797, -0.2782820868001893, -0.687688984199705, 0.1804205326782143, 0.0
0.22794580119266455, 0.946483309920631, -0.2284951985498181, 0.668653911250672, -0.3227527476582729, -0.6698750710753562, -0.7077730276633977, -8.899843706956789E-5, -0.706439900764011, -0.2755566630217716, -0.6887156856078699, 0.1803294012256548, 0.0
0.22535830899079942, 0.9477239841061867, -0.22590458720155207, 0.6695315176800342, -0.31909127491108163, -0.6707520444312414, -0.7077719826341511, -9.069463479072226E-5, -0.7064409475480636, -0.27280491834374354, -0.689740221342723, 0.18023751715099434, 0.0
0.22274648597274932, 0.9489603508836775, -0.2232896223238315, 0.6704060869780348, -0.31539537712718585, -0.6716259633379279, -0.7077709244731598, -9.239874333710762E-5, -0.70644200748036, -0.2700269415105959, -0.6907622636668608, 0.18014488515370514, 0.0
0.22011042564113364, 0.9501919819294159, -0.22065039769084355, 0.6712773163990446, -0.3116651867313074, -0.6724965247998208, -0.7077698531388404, -9.411050841968971E-5, -0.7064430806024194, -0.2672228233944771, -0.6917814844099004, 0.18005150993420324, 0.0
0.21745022352446605, 0.9514184485023757, -0.21798700910488267, 0.6721449029018862, -0.3079008390147807, -0.6733634255266672, -0.7077687685905428, -9.582967470002368E-5, -0.7064441669548275, -0.2643926570344429, -0.692797555019953, 0.17995739619388337, 0.0
0.2147659772114946, 0.9526393215138328, -0.21529955443069573, 0.6730085431990432, -0.30410247218412073, -0.6742263619828339, -0.7077676707885813, -9.755598581148717E-5, -0.7064452665772036, -0.2615365376749003, -0.6938101466154003, 0.17986254863515339, 0.0
0.2120577863847711, 0.9538541715973698, -0.21258813362905704, 0.6738679338061238, -0.30027022740850107, -0.6750850304368423, -0.7077665596942654, -9.928918438016632E-5, -0.7064463795081702, -0.2586545628032316, -0.6948189300369695, 0.17976697196146837, 0.0
0.20932575285344124, 0.9550625691792373, -0.20985284878956112, 0.6747227710915812, -0.29640424886612726, -0.6759391270111563, -0.7077654352699329, -1.0102901204710191E-4, -0.706447505785321, -0.255746832186589, -0.6958235759001056, 0.1796706708773647, 0.0
0.20656998058524223, 0.956264084549067, -0.20709380416262457, 0.6755727513266804, -0.2925046837894928, -0.6767883477322194, -0.7077642974789783, -1.027752094902995E-4, -0.7064486454451906, -0.252813447907846, -0.6968237546476361, 0.17957365008849335, 0.0
0.20379057573769888, 0.9574582879309346, -0.20431110619068343, 0.6764175707357125, -0.28857168250949683, -0.6776323885807372, -0.7077631462858845, -1.0452751644778047E-4, -0.7064497985232241, -0.2498545144006963, -0.6978191366027267, 0.17947591430165313, 0.0
0.20098764668850913, 0.9586447495547625, -0.20150486353857958, 0.6772569255464497, -0.2846053984984167, -0.6784709455422007, -0.7077619816562526, -1.0628567174077175E-4, -0.7064509650537469, -0.2468701384838879, -0.6988093920221196, 0.17937746822482356, 0.0
0.19816130406510524, 0.9598230397280579, -0.19867518712312243, 0.6780905120408374, -0.28060598841171425, -0.6793037146576482, -0.7077608035568316, -1.0804941329763118E-4, -0.706452145069935, -0.2438604293945809, -0.6997941911496546, 0.17927831656719717, 0.0
0.1953116607733853, 0.9609927289079783, -0.19582219014181945, 0.678918026605919, -0.2765736121286676, -0.6801303920746563, -0.707759611955547, -1.098184781783279E-4, -0.7064533386037859, -0.24082549882082058, -0.7007732042700642, 0.17917846403921175, 0.0
0.19243883202560086, 0.9621533877737184, -0.1929459881007614, 0.6797391657849865, -0.2725084327918086, -0.6809506740985596, -0.7077584068215319, -1.115926025991032E-4, -0.7064545456860887, -0.23776546093311096, -0.7017461017630399, 0.179077915352582, 0.0
0.18954293536739528, 0.963304587299209, -0.19004669884165837, 0.6805536263289526, -0.26841061684515877, -0.6817642572438903, -0.7077571881251533, -1.133715219580056E-4, -0.7064557663463966, -0.23468043241508324, -0.7027125541575623, 0.17897667522033078, 0.0
0.18662409070398003, 0.9644458988261204, -0.1871244425680119, 0.6813611052479388, -0.26428033407124574, -0.6825708382860328, -0.7077559558380415, -1.1515497086073134E-4, -0.7064570006129977, -0.23157053249324547, -0.7036722321864902, 0.17887474835682024, 0.0
0.18368242032544183, 0.9655768941371616, -0.18417934187041735, 0.6821612998630716, -0.26011775762688943, -0.683370114313088, -0.7077547099331181, -1.1694268314707545E-4, -0.7064582485128876, -0.2284358829658046, -0.7046248068414018, 0.17877213947778223, 0.0
0.18071804893117102, 0.9666971455296652, -0.1812115217509863, 0.682953907858482, -0.2559230640777449, -0.6841617827779379, -0.7077534503846229, -1.1873439191781299E-4, -0.7064595100717418, -0.2252766082305509, -0.7055699494276806, 0.17866885330034848, 0.0
0.17773110365340253, 0.9678062258894484, -0.1782211096468806, 0.6837386273334998, -0.2516964334315887, -0.6849455415505082, -0.7077521771681418, -1.2052982956203828E-4, -0.7064607853138881, -0.22209283531179566, -0.7065073316198403, 0.1785648945430805, 0.0
0.17472171407986112, 0.9689037087649416, -0.1752082354529501, 0.6845151568550375, -0.2474380491703398, -0.6857210889702163, -0.7077508902606329, -1.2232872778536463E-4, -0.7064620742622806, -0.21888469388635273, -0.7074366255170795, 0.17846026792599862, 0.0
0.17169001227550182, 0.9699891684415716, -0.17217303154346333, 0.6852831955101542, -0.24314809828079778, -0.6864881238986025, -0.7077495896404531, -1.2413081763787415E-4, -0.7064633769384727, -0.2156523163085531, -0.7083575036990611, 0.17835497817061124, 0.0
0.168636132803339, 0.9710621800163892, -0.16911563279292746, 0.6860424429587926, -0.23882677128409308, -0.6872463457721307, -0.7077482752873838, -1.2593582954362192E-4, -0.7064646933625915, -0.2123958376342868, -0.709269639281904, 0.17824902999994308, 0.0
0.16556021274435376, 0.972122319472931, -0.1660361765959844, 0.6867925994866817, -0.2344742622638325, -0.687995454655158, -0.707746947182657, -1.277434933295296E-4, -0.7064660235533124, -0.2091153956440596, -0.7101727059743832, 0.17814242813856332, 0.0
0.1624623917164756, 0.9731691637563014, -0.1629348028863804, 0.6875333660583962, -0.23009076889293478, -0.6887351512930562, -0.7077456053089795, -1.2955353825577776E-4, -0.7064673675278337, -0.20581113086505973, -0.7110663781343268, 0.17803517731261326, 0.0
0.15934281189262714, 0.9742022908484633, -0.1598116541549977, 0.6882644443705624, -0.22567649245914048, -0.6894651371654843, -0.7077442496505582, -1.313656930458651E-4, -0.7064687253018517, -0.20248318659222392, -0.7119503308252012, 0.17792728224983337, 0.0
0.1562016180178271, 0.9752212798437275, -0.15666687546694386, 0.6889855369052051, -0.2212316378891892, -0.6901851145397969, -0.7077428801931243, -1.331796859176393E-4, -0.7064700968895373, -0.19913170890829493, -0.7128242398728757, 0.1778187476795901, 0.0
0.15303895742534454, 0.9762257110244202, -0.15350061447769064, 0.6896963469832218, -0.21675641377165505, -0.6908947865245837, -0.7077414969239566, -1.349952446147995E-4, -0.7064714823035119, -0.195756846702865, -0.7136877819225553, 0.1777095783329021, 0.0
0.14985498005189632, 0.9772151659367255, -0.15031302144825498, 0.6903965788179792, -0.21225103237842702, -0.6915938571233273, -0.7077400998319054, -1.368120964385655E-4, -0.7064728815548229, -0.19235875169039496, -0.7145406344958751, 0.177599778942466, 0.0
0.146649838451883, 0.9781892274666796, -0.14710424925941865, 0.6910859375690185, -0.2077157096848297, -0.6922820312881721, -0.7077386889074152, -1.3862996828012397E-4, -0.7064742946529229, -0.18893757842720363, -0.7153824760481405, 0.17748935424268172, 0.0
0.1434236878106558, 0.9791474799163076, -0.14387445342497612, 0.6917641293958616, -0.20315066538837284, -0.6929590149737911, -0.7077372641425468, -1.4044858665349103E-4, -0.7064757216056455, -0.18549348432742002, -0.7162129860257077, 0.1773783089696773, 0.0
0.140176685956809, 0.9800895090798873, -0.14062379210400835, 0.6924308615119059, -0.19855612292612154, -0.6936245151913435, -0.7077358255309999, -1.4226767772881899E-4, -0.7064771624191841, -0.18202662967789082, -0.7170318449234907, 0.17726664786133314, 0.0
0.1369089933734928, 0.9810149023203247, -0.13735242611217502, 0.6930858422384002, -0.19393230949068138, -0.694278240062511, -0.7077343730681337, -1.4408696736589732E-4, -0.7064786170980701, -0.17853717765203925, -0.7178387343425845, 0.17715437565730602, 0.0
0.1336207732087407, 0.9819232486456237, -0.134060518932021, 0.693728781058487, -0.189279456044788, -0.6949198988736003, -0.707732906750989, -1.4590618114876386E-4, -0.7064800856451527, -0.1750252943226663, -0.7186333370479921, 0.17704149709905234, 0.0
0.13031219128480517, 0.9828141387854391, -0.13074823672228947, 0.6943593886713028, -0.1845977973344936, -0.6955492021297038, -0.7077314265783079, -1.4772504442009393E-4, -0.7064815680615768, -0.17149114867368914, -0.7194153370264456, 0.17692801692985097, 0.0
0.12698341610650027, 0.9836871652676918, -0.12741574832624103, 0.6949773770461245, -0.1798875719009496, -0.6961658616089051, -0.7077299325505544, -1.4954328231622793E-4, -0.7064830643467646, -0.16793491261081364, -0.7201844195443059, 0.1768139398948255, 0.0
0.1236346188685413, 0.9845419224952333, -0.12406322527896949, 0.6955824594765492, -0.17514902209076874, -0.6967695904165178, -0.7077284246699331, -1.51360619802976E-4, -0.7064845744983946, -0.16435676097113153, -0.7209402712055331, 0.17669927074096614, 0.0
0.12026597346188335, 0.9853780068225404, -0.1206908418137144, 0.6961743506346968, -0.1703823940649709, -0.6973601030393458, -0.7077269029404095, -1.5317678171136717E-4, -0.706486098512384, -0.16075687153164195, -0.7216825800097108, 0.17658401421715103, 0.0
0.11687765647904848, 0.9861950166324245, -0.11729877486716278, 0.6967527666254225, -0.16558793780649897, -0.6979371153999551, -0.7077253673677275, -1.5499149277425905E-4, -0.7064876363828686, -0.15713542501668737, -0.7224110354101138, 0.1764681750741668, 0.0
0.11346984721844408, 0.9869925524127383, -0.11388720408373856, 0.6973174250405284, -0.16076590712630576, -0.6985003449109404, -0.7077238179594282, -1.568044776628641E-4, -0.7064891881021861, -0.15349260510430524, -0.7231253283718061, 0.17635175806472897, 0.0
0.1100427276876629, 0.9877702168330598, -0.11045631181887586, 0.6978680450129594, -0.15591655966800133, -0.6990495105291787, -0.7077222547248666, -1.5861546102427515E-4, -0.7064907536608577, -0.1498285984314865, -0.7238251514297552, 0.1762347679435015, 0.0
0.10659648260576671, 0.9885276148213403, -0.10700628314127192, 0.698404347270972, -0.15104015691106143, -0.6995843328100544, -0.7077206776752293, -1.604241675189355E-4, -0.7064923330475715, -0.1461435945983397, -0.7245101987469496, 0.1761172094671159, 0.0
0.10313129940454746, 0.9892643536404926, -0.10353730583411838, 0.6989260541922648, -0.14613696417259006, -0.7001045339616437, -0.707719086823551, -1.6223032185871955E-4, -0.7064939262491658, -0.14243778617115677, -0.7251801661725048, 0.17599908739418982, 0.0
0.09964736822876492, 0.989980042964905, -0.10004957039530732, 0.699432889858053, -0.14120725060763237, -0.7006098378988448, -0.7077174821847299, -1.6403364884501337E-4, -0.7064955332506135, -0.13871136868437728, -0.7258347512997455, 0.1758804064853451, 0.0
0.09614488193535821, 0.9906742949568611, -0.09654327003661028, 0.6999245801070801, -0.13625128920803745, -0.7010999702974426, -0.7077158637755433, -1.6583387340815547E-4, -0.706497154035006, -0.13496454064144808, -0.7264736535242492, 0.17576117150322498, 0.0
0.09262403609162895, 0.9913467243428461, -0.09301860068182843, 0.7004008525895463, -0.13126935679986532, -0.7015746586480913, -0.7077142316146633, -1.6763072064612805E-4, -0.7064987885835392, -0.13119750351457626, -0.7270965741018356, 0.17564138721251124, 0.0
0.0890850289723954, 0.9919969484897202, -0.08947576096391163, 0.7008614368209459, -0.1262617340393371, -0.7020336323102039, -0.7077125857226694, -1.6942391586410865E-4, -0.7065004368754985, -0.12741046174337306, -0.7277032162064887, 0.17552105837994028, 0.0
0.08552806155611509, 0.9926245874807398, -0.08591495222104584, 0.7013060642357969, -0.12122870540732752, -0.7024766225657331, -0.7077109261220642, -1.7121318461429946E-4, -0.7065020988882451, -0.12360362273238673, -0.7282932849881969, 0.17540018977431887, 0.0
0.08195333751997524, 0.9932292641914089, -0.08233637849170744, 0.701734468241249, -0.11617055920239536, -0.7029033626728313, -0.7077092528372853, -1.7299825273642266E-4, -0.7065037745972036, -0.11977719684752308, -0.7288664876306943, 0.17527878616653922, 0.0
0.07836106323395173, 0.9938106043651355, -0.07874024650868505, 0.7021463842705578, -0.1110875875323554, -0.7033135879193742, -0.7077075658947182, -1.747788463980493E-4, -0.7065054639758479, -0.11593139741135328, -0.7294225334090915, 0.1751568523295936, 0.0
0.0747514477538333, 0.9943682366886804, -0.0751267656920645, 0.7025415498364074, -0.10598008630438605, -0.7037070356763341, -0.7077058653227092, -1.765546921352612E-4, -0.7065071669956903, -0.11206644069730498, -0.7299611337473767, 0.17503439303858803, 0.0
0.07112470281321483, 0.9949017928673692, -0.07149614814118427, 0.702919704584072, -0.1008483552136788, -0.7040834454509893, -0.7077041511515759, -1.7832551689431209E-4, -0.7065088836262694, -0.10818254592274246, -0.7304820022757744, 0.17491141307075592, 0.0
0.06748104281445545, 0.9954109077000564, -0.06784860862555198, 0.7032805903443978, -0.09569269773062156, -0.7044425589399542, -0.7077024234136188, -1.8009104807262255E-4, -0.7065106138351396, -0.10427993524092682, -0.7309848548879457, 0.17478791720547035, 0.0
0.06382068481860784, 0.9958952191538132, -0.06418436457473375, 0.7036239511865915, -0.0905134210865289, -0.7047841200820161, -0.7077006821431311, -1.8185101356066324E-4, -0.7065123575878598, -0.10035883373186671, -0.7314694097980139, 0.17466391022425665, 0.0
0.06014384853431197, 0.9963543684383227, -0.0605036360672056, 0.7039495334708031, -0.08531083625790487, -0.705107875110763, -0.7076989273764094, -1.8360514178430987E-4, -0.706514114847985, -0.0964194693920501, -0.7319353875973988, 0.17453939691080345, 0.0
0.05645075630566411, 0.99678800007996, -0.05680664581817929, 0.7042570859004856, -0.08008525794925672, -0.7054135726069896, -0.707697159151762, -1.8535316174689287E-4, -0.7065158855770557, -0.0924620731230662, -0.7323825113114475, 0.17441438205097368, 0.0
0.0527416330990528, 0.9971957619955365, -0.05309361916639477, 0.7045463595745175, -0.07483700457444786, -0.7057009635508643, -0.707695377509518, -1.870948030715247E-4, -0.7065176697345902, -0.08848687871911332, -0.7328105064558392, 0.17428887043281488, 0.0
0.04901670648897243, 0.9975773055656862, -0.04936478405988859, 0.7048171080390725, -0.06956639823660296, -0.7059698013738438, -0.7076935824920358, -1.888297960441765E-4, -0.7065194672780759, -0.08449412285339736, -0.7332191010927555, 0.17416286684656881, 0.0
0.04527620664280938, 0.9979322857078746, -0.04562037104073585, 0.705069087339224, -0.06427376470656082, -0.7062198420103184, -0.7076917741437095, -1.905578716570322E-4, -0.7065212781629625, -0.08048404506342088, -0.7336080258867924, 0.1740363760846802, 0.0
0.04152036630460998, 0.9982603609490073, -0.041860613228769994, 0.7053020560702647, -0.0589594333998851, -0.7064508439489766, -0.7076899525109764, -1.9227876165126E-4, -0.7065231023426551, -0.07645688773516712, -0.7339770141606047, 0.17390940294180524, 0.0
0.03774942077782832, 0.9985611934976164, -0.03808574630428413, 0.7055157754287312, -0.053623737352433226, -0.7066625682838684, -0.707688117642323, -1.9399219856042205E-4, -0.706524939768507, -0.07241289608618051, -0.7343258019502599, 0.1737819522148194, 0.0
0.03396360790705815, 0.9988344493156055, -0.03429600848971537, 0.7057100092631134, -0.04826701319448706, -0.706854778765157, -0.7076862695882913, -1.956979157547445E-4, -0.7065267903898154, -0.06835231814754561, -0.7346541280602904, 0.17365402870282412, 0.0
0.03016316805875591, 0.9990797981895286, -0.03049164053031772, 0.7058845241242382, -0.04288960112345677, -0.7070272418495402, -0.707684408401483, -1.9739564748427751E-4, -0.7065286541538154, -0.06427540474477078, -0.734961734118424, 0.17352563720715364, 0.0
