-0.02528752809128641, -0.49999999999999994, 0.8656561331862858, -0.014599761150644429, 0.8660254037844387, 0.4997868015207525, -0.9995736030415051, 0.0, -0.02919952230128886, 0.2875472015655094, 0.32375048114753296, 0.526456503512632, 0.0
-0.0252964975760883, -0.499994808881341, 0.865658869475785, -0.014601989461429465, 0.8660284008541766, 0.49978154309430606, -0.9995733435392077, 2.380904180388908E-6, -0.0292084042730861, 0.28755536413378635, 0.3237478430387687, 0.5264536940264705, 0.0
-0.02532335809934246, -0.49997926306993573, 0.8656670630413384, -0.014608662144434872, 0.8660373758733473, 0.49976579572911595, -0.9995725659125114, 9.510557515111797E-6, -0.029235002730067832, 0.2875798079154129, 0.3237399424967855, 0.5264452802057723, 0.0
-0.02536803786237701, -0.49995340353529694, 0.8656806899477922, -0.01461976034271078, 0.866052304330889, 0.4997396009630205, -0.9995712707268726, 2.1368898209811392E-5, -0.029279246589273476, 0.28762046666341945, 0.3237267997041849, 0.5264312834189684, 0.0
-0.02543046519567964, -0.49991727078890674, 0.8656997249664009, -0.01463526456231203, 0.8660731614176072, 0.4997029998942399, -0.9995694575521614, 3.7935240583091184E-5, -0.029341064905607336, 0.28767727365301765, 0.3237084341922027, 0.5264117242586983, 0.0
-0.025510568556825194, -0.4998709048906241, 0.8657241415923067, -0.014655154680874567, 0.8660999220301175, 0.4996560331875358, -0.9995671249762004, 5.918828345938998E-5, -0.029420386869651094, 0.2877501616878216, 0.3236848648495851, 0.5263866225524965, 0.0
-0.02560827652829099, -0.4998143454551357, 0.8657539120619121, -0.014679409956127053, 0.8661325607747367, 0.4995987410804166, -0.9995642706182482, 8.510611849579995E-5, -0.0295171418053655, 0.28783906310594176, 0.3236561099314382, 0.5263559973734908, 0.0
-0.025723517815163088, -0.4997476316584496, 0.8657890073701465, -0.014708009034339218, 0.8661710519713135, 0.49953116338938647, -0.999560891142435, 1.156662384443019E-4, -0.029631259167684745, 0.2879439097859537, 0.32362218706805185, 0.5263198670511122, 0.0
-0.02585622124273727, -0.4996708022444281, 0.8658293972876274, -0.014740929958706845, 0.8662153696570103, 0.4994533395162369, -0.9995569822711455, 1.5084554534950854E-4, -0.02976266854000708, 0.2880646331527444, 0.3235831132736961, 0.5262782491818119, 0.0
-0.026006315754018065, -0.49958389553135946, 0.8658750503777171, -0.014778150177674941, 0.866265487590029, 0.4993653084543774, -0.9995525387983507, 1.906203586834175E-4, -0.029911299631585002, 0.2882011641832397, 0.32353890495539084, 0.5262311606397868, 0.0
-0.026173730407119115, -0.4994869494185648, 0.8659259340134764, -0.014819646553200007, 0.8663213792532861, 0.4992671087952042, -0.9995475546028881, 2.3496642341817652E-4, -0.03007708227481832, 0.28835343341201547, 0.3234895779216487, 0.5261786175877115, 0.0
-0.026358394372568344, -0.49938000139304034, 0.8659820143945179, -0.014865395368952058, 0.8663830178580382, 0.4991587787345055, -0.9995420226616911, 2.8385891803760666E-4, -0.03025994642245347, 0.2885213709367955, 0.3234351473911902, 0.5261206354874731, 0.0
-0.026560236930521224, -0.49926308853613083, 0.8660432565637575, -0.014915372338457482, 0.8664503763474569, 0.4990403560789002, -0.999535935062967, 3.3727246248856443E-4, -0.030459822144692384, 0.28870490642383895, 0.32337562800163216, 0.5260572291109114, 0.0
-0.026779187467885407, -0.4991362475302343, 0.866109624424066, -0.014969552613183371, 0.8665234274001565, 0.498911878252309, -0.9995292830193225, 3.951811260728691E-4, -0.03067663962621414, 0.28890396911322086, 0.32331103381814696, 0.5259884125505581, 0.0
-0.02701517547535995, -0.498999514665535, 0.8661810807548247, -0.015027910790564716, 0.8666021434336745, 0.49877338230245605, -0.9995220568808406, 4.575584352812471E-4, -0.030910329163112506, 0.2891184878240069, 0.32324137834209565, 0.5259141992303787, 0.0
-0.0272681305443923, -0.4988529258467637, 0.8662575872283816, -0.01509042092197478, 0.8666864966079054, 0.49862490490739897, -0.9995142461481036, 5.243773815696079E-4, -0.03116082115975271, 0.2893483909593276, 0.3231666745196318, 0.5258346019165119, 0.0
-0.027537982364056284, -0.4986965165999828, 0.8663391044264134, -0.015157056520640045, 0.8667764588284916, 0.49846648238208585, -0.9995058394851664, 5.956104290791844E-4, -0.03142804612555042, 0.28959360651135235, 0.323086934750278, 0.5257496327280065, 0.0
-0.027824660717854145, -0.4985303220793947, 0.8664255918561913, -0.015227790569500315, 0.8668720017501682, 0.4982981506849368, -0.9994968247324788, 6.712295223010736E-4, -0.03171193467167605, 0.28985406206616815, 0.32300217089547334, 0.5256593031475559, 0.0
-0.028128095480445772, -0.4983543770741718, 0.8665170079667549, -0.0153025955290147, 0.8669730967800667, 0.49811994542444926, -0.9994871889197571, 7.512060936860554E-4, -0.03201241750768761, 0.2901296848085637, 0.322912394287093, 0.5255636240322262, 0.0
-0.028448216614308075, -0.49816871601530716, 0.8666133101649927, -0.01538144334491509, 0.867079715080978, 0.49793190186582437, -0.9994769182788028, 8.355110712012403E-4, -0.03232942543809472, 0.2904204015267239, 0.32281761573593915, 0.5254626056241786, 0.0
-0.02878495416632769, -0.4979733729824826, 0.8667144548316312, -0.01546430545590688, 0.8671918275745725, 0.4977340549376136, -0.9994659982562732, 9.241148858334623E-4, -0.032662889358857375, 0.29072613861683466, 0.3227178455402026, 0.525356257561384, 0.0
-0.0291382382643297, -0.4977683817109538, 0.8668203973371356, -0.015551152801319164, 0.8673094049445824, 0.49752643923838286, -0.9994544135264004, 0.001016987479041596, -0.03301274025382166, 0.291046822087604, 0.3226130934938967, 0.5252445888883298, 0.0
-0.029507999113545715, -0.49755377559845015, 0.8669310920575187, -0.015641955828703653, 0.8674324176399465, 0.49730908904339405, -0.9994421480036589, 0.0011140983101571534, -0.03337890919109605, 0.29138237756469837, 0.3225033688952613, 0.5251276080667153, 0.0
-0.02989416699302374, -0.4973295877120889, 0.8670464923900661, -0.015736684501384886, 0.867560835877915, 0.49708203831130066, -0.9994291848553838, 0.0012154163637357557, -0.03376132731937062, 0.2917327302951, 0.32238868055513825, 0.5250053229861372, 0.0
-0.030296672251983153, -0.4970958507952996, 0.8671665507689703, -0.01583530830596106, 0.8676946296471211, 0.4968453206908569, -0.9994155065143382, 0.0013209101568588777, -0.03415992586418232, 0.2920978051513859, 0.32226903680531743, 0.524877740974762, 0.0
-0.030715445306117233, -0.4968525972747608, 0.8672912186808831, -0.015937796259757414, 0.8678337687106153, 0.49659896952763877, -0.9994010946912303, 0.0014305477463877855, -0.03457463612412892, 0.29247752663593174, 0.3221444455068539, 0.5247448688099856, 0.0
-0.031150416633846358, -0.49659985926734285, 0.8674204466803819, -0.01604411691823232, 0.8679782226088659, 0.49634301787077467, -0.9993859303871813, 0.0015442967361699524, -0.03500538946703457, 0.29287181888504293, 0.3220149140583555, 0.5246067127290777, 0.0
-0.031601516772524325, -0.4963376685870612, 0.8675541844053526, -0.016154238382337437, 0.8681279606627266, 0.4960774984796852, -0.9993699939061421, 0.0016621242841992497, -0.03545211732606948, 0.2932806056730157, 0.321880449404241, 0.5244632784398107, 0.0
-0.03206867631460078, -0.4960660567520323, 0.8676923805922919, -0.016268128305832262, 0.8682829519763715, 0.49580244383082966, -0.9993532648672612, 0.0017839971097304208, -0.035914751195826655, 0.29370381041613014, 0.3217410580429692, 0.5243145711310726, 0.0
-0.03255182590374232, -0.4957850549914361, 0.8678349830915272, -0.016385753902554125, 0.8684431654401994, 0.49551788612445824, -0.9993357222172022, 0.001909881500348798, -0.03639322262835818, 0.2941413561765779, 0.32159674603523786, 0.5241605954834607, 0.0
-0.03305089623091488, -0.4954946942524796, 0.8679819388823565, -0.016507081953644413, 0.8686085697337059, 0.49522385729136803, -0.9993173442424127, 0.002039743318996161, -0.03688746322917377, 0.2945931656663268, 0.32144751901215324, 0.5240013556798577, 0.0
-0.033565818030430156, -0.49519500520736315, 0.8681331940881121, -0.016632078814732044, 0.8687791333283298, 0.4949203889996621, -0.9992981085813424, 0.002173548010953805, -0.03739740465320405, 0.2950591612509255, 0.3212933821833701, 0.5238368554159865, 0.0
-0.03409652207595852, -0.494886018260246, 0.8682886939911422, -0.01676071042307446, 0.8689548244902657, 0.49460751266150954, -0.9992779922366135, 0.0023112606107830885, -0.037922978600731315, 0.2955392649532487, 0.32113434034520205, 0.5236670979109452, 0.0
-0.03464293917651105, -0.4945677635542102, 0.86844838304772, -0.01689294230465721, 0.869135611283255, 0.494285259439905, -0.9992569715871409, 0.002452845749224621, -0.03846411681329018, 0.29603339845718724, 0.3209703978887012, 0.5234920859177199, 0.0
-0.035205000172393204, -0.49424027097822243, 0.8686122049028755, -0.017028739581253286, 0.8693214615713453, 0.49395366025542703, -0.9992350224002037, 0.002598267660057235, -0.03902075106954054, 0.2965414831112843, 0.32080155880770916, 0.5233118217336737, 0.0
-0.03578263593113254, -0.493903570174091, 0.8687801024051524, -0.01716806697744208, 0.8695123430216269, 0.4936127457929936, -0.9992121198434685, 0.0027474901869167234, -0.039592813181115474, 0.29706343993232, 0.3206278267068771, 0.5231263072110129, 0.0
-0.03637577734338311, -0.49355769054341764, 0.8689520176212913, -0.017310888827589428, 0.8697082231069442, 0.4932625465086119, -0.9991882384969628, 0.0029004767900757547, -0.040180234988446445, 0.2975991896088466, 0.3204492048096561, 0.5229355437672268, 0.0
-0.03698435531880869, -0.4932026612545422, 0.8691278918508423, -0.01745716908278934, 0.8699090691085815, 0.49290309263612464, -0.9991633523650009, 0.003057190553185736, -0.04078294835656809, 0.29814865250467715, 0.3202656959662574, 0.5227395323955033, 0.0
-0.037608300781947435, -0.4928385112494799, 0.8693076656407045, -0.017606871317767996, 0.8701148481189279, 0.4925344141939471, -0.9991374348880608, 0.0032175941899810876, -0.04140088517090509, 0.2987117486623286, 0.3200773026615829, 0.5225382736751161, 0.0
-0.03824754466806029, -0.4924652692508481, 0.8694912787995945, -0.0177599587377508, 0.8703255270441185, 0.4921565409917974, -0.9991104589546133, 0.003381650050946856, -0.042033977333043426, 0.2992883978064225, 0.31988402702312446, 0.522331767781785, 0.0
-0.03890201791896541, -0.49208296376878335, 0.8696786704124477, -0.017916394185293196, 0.870541072606655, 0.4917695026374163, -0.9990823969129021, 0.0035493201299504236, -0.042682156756488315, 0.2998785193470453, 0.31968587082883404, 0.522120014498008, 0.0
-0.03957165147886089, -0.49169162310784587, 0.8698697788547477, -0.018076140147075957, 0.8707614513480053, 0.4913733285432765, -0.9990532205826769, 0.003720566070837982, -0.04334535536241101, 0.3004820323830688, 0.3194828355149628, 0.5219030132233616, 0.0
-0.04025637629013811, -0.49129127537391126, 0.8700645418067918, -0.018239158760665782, 0.8709866296311833, 0.49096804793327936, -0.9990229012668779, 0.003895349173996681, -0.044023505075386805, 0.3010988557054359, 0.3192749221838704, 0.5216807629847736, 0.0
-0.04095612328918792, -0.49088194848104755, 0.8702628962678871, -0.018405411821241502, 0.8712165736433111, 0.49055368984943903, -0.9989914097632728, 0.004073630402882848, -0.04471653781912645, 0.3017289078004101, 0.3190621316118028, 0.5214532624467618, 0.0
-0.04167082340220181, -0.49046367015837683, 0.8704647785704815, -0.018574860788287063, 0.8714512493981603, 0.49013028315855095, -0.9989587163760464, 0.00425537039051734, -0.04542438551220305, 0.30237210685279337, 0.3188444642566412, 0.5212205099216427, 0.0
-0.04240040754097025, -0.49003646795692013, 0.8706701243942313, -0.018747466792251415, 0.8716906227386791, 0.4896978565588452, -0.9989247909273414, 0.004440529445948363, -0.04614698006377668, 0.303028370749113, 0.31862192026561886, 0.520982503379705, 0.0
-0.04314480659868038, -0.4896003692564241, 0.8708788687800019, -0.01892319064117652, 0.8719346593395011, 0.4892564385866228, -0.9988896027687545, 0.0046290675606828445, -0.046884253369318764, 0.30369761708077986, 0.3183944994830083, 0.5207392404593509, 0.0
-0.0439039514457151, -0.48915540127216894, 0.8710909461438087, -0.019101992827293555, 0.8721833247094385, 0.4888060576228736, -0.9988531207927811, 0.004820944415086624, -0.04763613730633844, 0.30437976314722004, 0.31816220145777746, 0.5204907184772019, 0.0
-0.04467777292545565, -0.4887015910617562, 0.8713062902906931, -0.01928383353358845, 0.8724365841939608, 0.48834674189987476, -0.9988153134442174, 0.005016119384754461, -0.048402563730112674, 0.30507472595898105, 0.3179250254512152, 0.520236934438168, 0.0
-0.04546620185008971, -0.4882389655318744, 0.8715248344285389, -0.01946867264033688, 0.8726944029776577, 0.48787851950776945, -0.9987761487315114, 0.005214551546850201, -0.04918346446942248, 0.3057824222408154, 0.3176829704445259, 0.5199778850454825, 0.0
-0.04626916899642713, -0.4877675514450433, 0.8717465111818271, -0.01965646973160968, 0.8729567460866913, 0.48740141840112283, -0.9987355942380697, 0.005416199686417962, -0.04997877132229708, 0.3065027684347426, 0.31743603514639346, 0.5197135667106977, 0.0
-0.04708660510172499, -0.48728737542633394, 0.8719712526053307, -0.01984718410174928, 0.8732235783912319, 0.48691546640545647, -0.9986936171335158, 0.005621022302665015, -0.050788416051767815, 0.3072356807030916, 0.31718421800051416, 0.5194439755636434, 0.0
-0.04791844085952442, -0.4867984639700643, 0.872198990197752, -0.02004077476181755, 0.8734948646078851, 0.48642069122375825, -0.9986501841849017, 0.005828977615216759, -0.05161233038163404, 0.3079810749315258, 0.3169275171930988, 0.5191691074623466, 0.0
-0.048764606915500525, -0.48630084344646923, 0.8724296549153, -0.020237200446015412, 0.8737705693021036, 0.48591712044296753, -0.9986052617678741, 0.006040023570344284, -0.052450445992242745, 0.30873886673205175, 0.31666593066034343, 0.5188889580029108, 0.0
-0.04962503386332792, -0.48579454010834344, 0.8726631771852109, -0.020436419618075363, 0.8740506568905928, 0.4854047815404347, -0.9985588158777916, 0.006254117847165522, -0.053302694516283736, 0.309508971446013, 0.31639945609586906, 0.5186035225293558, 0.0
-0.05049965224056312, -0.4852795800976574, 0.8728994869192119, -0.020638390477627243, 0.8743350916437017, 0.48488370189035307, -0.9985108121407975, 0.006471217863820492, -0.05416900753460227, 0.3102913041470724, 0.31612809095813066, 0.5183127961434159, 0.0
-0.05138839252454615, -0.4847559894521437, 0.8731385135269296, -0.02084307096653734, 0.8746238376878074, 0.4843539087701635, -0.9984612158248447, 0.006691280783620701, -0.05504931657203102, 0.3110857796441822, 0.3158518324777942, 0.5180167737142958, 0.0
-0.0522911851283229, -0.48422379411185346, 0.8733801859292417, -0.021050418775221732, 0.8749168590076895, 0.48381542936692984, -0.9984099918506742, 0.006914263521173624, -0.05594355309324313, 0.31189231248454513, 0.3155706776650826, 0.5177154498883848, 0.0
-0.05320796039659, -0.48368301992568363, 0.8736244325715746, -0.02126039134893472, 0.8752141194488966, 0.48326829078368344, -0.9983571048027479, 0.007140122748483213, -0.05685164849862791, 0.31271081695656777, 0.3152846233170906, 0.5174088190989263, 0.0
-0.05413864860166402, -0.48313369265787026, 0.8738711814371476, -0.021472945894032126, 0.875515582720105, 0.48271252004573795, -0.9983025189401344, 0.007368814901026118, -0.05777353412019126, 0.3135412070928073, 0.31499366602506784, 0.5170968755756444, 0.0
-0.05508317993947695, -0.4825758379944507, 0.874120360060163, -0.02168803938421012, 0.8758212123954707, 0.4821481441069714, -0.9982461982073481, 0.007600296183804432, -0.05870914121748241, 0.3143833966729133, 0.31469780218166993, 0.5167796133543242, 0.0
-0.05604148452559906, -0.4820094815496913, 0.8743718955389433, -0.021905628566720674, 0.8761309719169745, 0.4815751898560747, -0.9981881062451424, 0.007834522577376034, -0.05965840097354834, 0.31523729922656657, 0.31439702798817876, 0.5164570262863478, 0.0
-0.057013492391291415, -0.481434648872481, 0.8746257145490175, -0.02212566996856336, 0.8764448245967621, 0.48099368412276816, -0.998128206401257, 0.008071449843862242, -0.06062124449091792, 0.3161028280364156, 0.31409133946169054, 0.5161291080481833, 0.0
-0.05799913347958943, -0.48085136545268903, 0.874881743356153, -0.022348119902653986, 0.8767627336194777, 0.48040365368398025, -0.9980664617411174, 0.008311033532933386, -0.06159760278761736, 0.3169798961410131, 0.31378073244227156, 0.5157958521508271, 0.0
-0.05899833764141892, -0.48025965672748644, 0.8751399078293401, -0.02257293447397129, 0.8770846620445939, 0.4798051252699936, -0.9980028350584896, 0.008553228987773413, -0.06258740679321825, 0.317868416337753, 0.31346520260008304, 0.5154572519491974, 0.0
-0.060011034631746556, -0.4796595480876302, 0.875400133453724, -0.02280006958568103, 0.8774105728087381, 0.4791981255705519, -0.997937288886088, 0.00879799135102308, -0.06359058734492004, 0.31876830118581, 0.31314474544247295, 0.5151133006514814, 0.0
-0.061037154105766045, -0.47905106488370874, 0.8756623453434856, -0.0230294809452386, 0.8777404287280123, 0.47858268124093056, -0.997869785506136, 0.009045275570702671, -0.06460707518366846, 0.3196794630090828, 0.3128193563210362, 0.5147639913284309, 0.0
-0.06207662561512152, -0.4784342324323492, 0.8759264682546755, -0.0232611240704704, 0.8780741925003137, 0.4779588189079686, -0.997800286960882, 0.00929503640611467, -0.06563680095031126, 0.32060181389914194, 0.3124890304386424, 0.5144093169226097, 0.0
-0.06312937860416985, -0.47780907602238387, 0.8761924265979975, -0.023494954295634293, 0.8784118267076497, 0.4773265651760606, -0.9977287550630669, 0.009547228433726669, -0.06667969518179281, 0.32153526571818464, 0.31215376285643137, 0.5140492702575907, 0.0
-0.06419534240628336, -0.4771756209209764, 0.8764601444515437, -0.02373092677745937, 0.8787532938184524, 0.47668594663310926, -0.997655151406348, 0.00980180605303474, -0.06773568830738926, 0.3224797301019962, 0.311813548500776, 0.5136838440471004, 0.0
-0.06527444624019382, -0.47653389237970595, 0.8767295455734812, -0.023968996501165858, 0.8790985561898905, 0.47603698985643644, -0.9975794373756723, 0.010058723492408153, -0.06880471064498514, 0.323435118462921, 0.3114683821702127, 0.5133130309041131, 0.0
-0.06636661920638023, -0.47588391564060933, 0.8770005534146924, -0.02420911828646491, 0.879447576070181, 0.4753797214186522, -0.9975015741576085, 0.0103179348149153, -0.06988669239739342, 0.32440134199284293, 0.31111825854233877, 0.5129368233498914, 0.0
-0.06747179028350048, -0.4752257159421797, 0.8772730911313662, -0.024451246793539147, 0.8798003156008987, 0.4747141678934816, -0.9974215227506276, 0.010579393924131476, -0.07098156364871992, 0.3253783116661771, 0.31076317218067767, 0.5125552138229756, 0.0
-0.06858988832486938, -0.4745593185253205, 0.8775470815975432, -0.024695336529003634, 0.8801567368192879, 0.4740403558615472, -0.9973392439753391, 0.010843054569928512, -0.07208925436077382, 0.3263659382428738, 0.31040311754151023, 0.512168194688116, 0.0
-0.0697208420549837, -0.4738847486392561, 0.8778224474176161, -0.024941341851848722, 0.8805168016605713, 0.4733583119161083, -0.9972546984846816, 0.011108870354247465, -0.07320969436952517, 0.32736413227143607, 0.310038088980674, 0.5117757582451546, 0.0
-0.07086458006609575, -0.4732020315473951, 0.8780991109387791, -0.025189216979363424, 0.8808804719602619, 0.4726680626687538, -0.9971678467740636, 0.011376794736853288, -0.07434281338161108, 0.32837280409195135, 0.3096680807603282, 0.5113778967378492, 0.0
-0.07202103081483693, -0.4725111925331483, 0.8783769942634372, -0.025438915993041242, 0.8812477094564747, 0.4719696347550503, -0.9970786491914604, 0.011646781041073157, -0.07548854097089172, 0.3293918638391389, 0.3092930870556863, 0.5109746023626421, 0.0
-0.07319012261889216, -0.4718122569056993, 0.8786560192615662, -0.02569039284446767, 0.8816184757922404, 0.47126305484014314, -0.9969870659474617, 0.011918782459517979, -0.07664680657505721, 0.33042122144541375, 0.30891310196171445, 0.5105658672773747, 0.0
-0.07437178365372688, -0.4711052500057268, 0.8789361075830284, -0.025943601361189894, 0.8819927325178197, 0.4705483496243095, -0.996893057125274, 0.012192752059787386, -0.07781753949228695, 0.33146078664396866, 0.3085281194997963, 0.5101516836099422, 0.0
-0.07556594194936715, -0.47039019721107894, 0.8792171806698429, -0.02619849525256907, 0.8823704410930218, 0.46982554584846425, -0.9967965826906741, 0.012468642790158791, -0.07900066887796224, 0.3325104689718736, 0.30813813362436443, 0.5097320434668927, 0.0
-0.07677252538723514, -0.4696671239423977, 0.879499159768412, -0.026455028115615335, 0.8827515628895234, 0.4690946702996163, -0.9966976025019164, 0.012746407485260548, -0.08019612374143376, 0.33357017777319586, 0.3077431382294973, 0.5093069389419677, 0.0
-0.07799146169703952, -0.4689360556686936, 0.8797819659417027, -0.026713153440805913, 0.8831360591931922, 0.4683557498162763, -0.9965960763195926, 0.01302599887172973, -0.0814038329428444, 0.33463982220214, 0.3073431271554826, 0.5088763621245843, 0.0
-0.07922267845372394, -0.4681970179128699, 0.8800655200813821, -0.026972824617885943, 0.8835238912064124, 0.4676088112938122, -0.9964919638164427, 0.01330736957385402, -0.08262372519000963, 0.33571931122620946, 0.30693809419534596, 0.5084403051082576, 0.0
-0.08046610307447243, -0.46745003625719433, 0.8803497429199125, -0.027233994941653072, 0.8839150200504146, 0.46685388168975633, -0.9963852245871204, 0.013590472119198976, -0.08385572903535501, 0.33680855362938994, 0.30652803310134524, 0.5079987599989628, 0.0
-0.08172166281577513, -0.4666951363487202, 0.8806345550425978, -0.027496617617725434, 0.8843094067676088, 0.46609098802905874, -0.9962758181579081, 0.01387525894422009, -0.08509977287291366, 0.33790745801535627, 0.30611293759143055, 0.5075517189234386, 0.0
-0.08298928477055317, -0.46593234390465343, 0.8809198768995895, -0.027760645768293346, 0.8847070123239226, 0.46532015740928956, -0.996163703996386, 0.014161682399860105, -0.08635578493538303, 0.33901593281070314, 0.305692801355669, 0.5070991740374277, 0.0
-0.08426889586534561, -0.4651616847176672, 0.8812056288178471, -0.028026032437854707, 0.8851077976111427, 0.4645414170057876, -0.9960488415210511, 0.014449694757131705, -0.08762369329124324, 0.34013388626820007, 0.305267618062635, 0.5066411175338562, 0.0
-0.085560422857558, -0.4643831846611619, 0.8814917310130556, -0.02829273059893469, 0.8855117234492618, 0.4637547940767557, -0.9959311901108892, 0.01473924821268594, -0.0889034258419374, 0.3412612264700724, 0.30483738136576516, 0.5061775416509519, 0.0
-0.08686379233277464, -0.4635968696944709, 0.8817781036014993, -0.028560693157789536, 0.8859187505888316, 0.4629603159683024, -0.9958107091148976, 0.015030294894366374, -0.09019491031911495, 0.3423978613313081, 0.30440208490967785, 0.5057084386802985, 0.0
-0.08817893070213478, -0.46280276586800995, 0.882064666611892, -0.028829872960094243, 0.8863288397133179, 0.46215801011942736, -0.9956873578615593, 0.015322786866748771, -0.09149807428193914, 0.3435436986029914, 0.30396172233645746, 0.5052338009748268, 0.0
-0.08950576419977377, -0.46200089932837285, 0.8823513399971631, -0.029100222796615074, 0.886741951441465, 0.46134790406695275, -0.9955610956682678, 0.01561667613666723, -0.09281284511445916, 0.34469864587566407, 0.3035162872919027, 0.5047536209567431, 0.0
-0.09084421888033051, -0.4611912963233682, 0.8826380436462015, -0.02937169540886638, 0.8871580463296631, 0.4605300254503979, -0.9954318818507026, 0.01591191465872619, -0.09413915002304848, 0.3458626105827152, 0.3030657734317396, 0.5042678911253917, 0.0
-0.09219422061652159, -0.46037398320700046, 0.882924697395555, -0.0296442434947519, 0.887577084874324, 0.45970440201679724, -0.9952996757321566, 0.016208454340798734, -0.09547691603390966, 0.3470355000037995, 0.30261017442779753, 0.5037766040650533, 0.0
-0.09355569509678319, -0.4595489864443938, 0.8832112210410872, -0.0299178197141909, 0.8879990275142597, 0.4588710616254617, -0.9951644366528111, 0.016506247049511213, -0.09682606999064661, 0.348217221268285, 0.30214948397414987, 0.5032797524526783, 0.0
-0.09492856782298142, -0.458716332616656, 0.883497534349589, -0.030192376694728754, 0.8884238346330717, 0.4580300322526811, -0.9950261239789643, 0.016805244615714168, -0.09818653855190533, 0.3494076813587312, 0.30168369579321774, 0.5027773290655532, 0.0
-0.09631276410819217, -0.45787604842568547, 0.8837835570703492, -0.030467867037132383, 0.8888514665615431, 0.4571813419963699, -0.9948846971122066, 0.017105398839939754, -0.09955824818908393, 0.35060678711439724, 0.30121280364183695, 0.5022693267889009, 0.0
-0.09770820907455102, -0.4570281606989182, 0.8840692089466795, -0.03074424332097084, 0.8892818835800398, 0.4563250190806523, -0.994740115498548, 0.017406661497845984, -0.10094112518411236, 0.35181444523478195, 0.3007368013172886, 0.5017557386234145, 0.0
-0.09911482765117408, -0.4561726963940145, 0.8843544097273969, -0.031021458110179867, 0.8897150459209173, 0.45546109186038974, -0.9945923386374924, 0.017708984345646793, -0.10233509562730286, 0.3530305622831946, 0.3002556826632918, 0.5012365576927222, 0.0
-0.10053254457215018, -0.45530968260348603, 0.884639079178261, -0.03129946395861239, 0.8901509137709362, 0.45458958882564676, -0.9944413260910632, 0.01801231912552972, -0.1037400854152719, 0.3542550446903589, 0.29976944157595997, 0.5007117772507862, 0.0
-0.10196128437460578, -0.4544391465592621, 0.8849231370933694, -0.03157821341557285, 0.8905894472736835, 0.45371053860609795, -0.994287037492776, 0.01831661757105921, -0.1051560202489342, 0.35548779875804803, 0.299278072009719, 0.5001813906892305, 0.0
-0.10340097139684251, -0.4535611156371942, 0.8852065033065071, -0.031857659031337075, 0.8910306065320011, 0.4528239699753729, -0.9941294325565622, 0.018621831412567298, -0.10658282563156926, 0.3567287306627545, 0.2987815679831877, 0.49964539154460197, 0.0
-0.10485152977654874, -0.4526756173614988, 0.8854890977024524, -0.032137753362656674, 0.8914743516104237, 0.4519299118553405, -0.9939684710856368, 0.018927912382530457, -0.10802042686696202, 0.3579777464593918, 0.2982799235850207, 0.4991037735055603, 0.0
-0.10631288344908481, -0.4517826794091381, 0.8857708402282395, -0.03241844897824811, 0.8919206425376226, 0.45102839332033107, -0.9938041129813189, 0.01923481222093318, -0.10946874905761644, 0.3592347520850304, 0.29777313297971253, 0.49855653041999876, 0.0
-0.10778495614584391, -0.4508823296141379, 0.8860516509043739, -0.032699698464267006, 0.8923694393088579, 0.4501194436012961, -0.993636318251796, 0.019542482680618378, -0.11092771710304512, 0.36049965336266865, 0.29726119041336396, 0.49800365630209414, 0.0
-0.10926767139268782, -0.44997459597184275, 0.8863314498360061, -0.03298145442976659, 0.8928207018884392, 0.4492030920899055, -0.9934650470208385, 0.01985087553262391, -0.11239725569813283, 0.36177235600503643, 0.29674409021940906, 0.49744514533928563, 0.0
-0.11076095250845913, -0.4490595066431065, 0.8866101572240579, -0.033263669512141256, 0.8932743902121919, 0.4482793683425812, -0.9932902595364589, 0.02015994257150604, -0.1138772893315769, 0.36305276561843525, 0.2962218268243038, 0.4968809918991824, 0.0
-0.11226472260356958, -0.44813708995841955, 0.8868876933763051, -0.03354629638255445, 0.8937304641899353, 0.44734830208446813, -0.9931119161795197, 0.020469635620649032, -0.11536774228440316, 0.3643407877066123, 0.2956943947531754, 0.4963111905363993, 0.0
-0.11377890457866587, -0.44720737442197195, 0.8871639787184131, -0.033829287751351134, 0.894188883707965, 0.44640992321333967, -0.9929299774722863, 0.020779906537561354, -0.1168685386285594, 0.36563632767467036, 0.29516178863543213, 0.4957357359993201, 0.0
-0.11530342112337302, -0.4462703887156504, 0.8874389338049286, -0.034112596373454734, 0.8946496086315457, 0.44546426180343995, -0.992744404086927, 0.02109070721915801, -0.11837960222558572, 0.3669392908330129, 0.2946240032103337, 0.4951546232367874, 0.0
-0.1168381947151153, -0.44532616170297157, 0.8877124793302231, -0.034396175053748194, 0.8951125988074123, 0.44451134810926085, -0.9925551568539578, 0.021401989607029083, -0.11990085672536249, 0.36824958240132477, 0.2940810333325218, 0.4945678474047205, 0.0
-0.11838314761801638, -0.4443747224329482, 0.887984536139392, -0.034679976652439534, 0.8955778140662772, 0.4435512125692533, -0.9923621967706333, 0.021713705692694638, -0.12143222556493745, 0.3695671075125894, 0.29353287397751027, 0.4939754038726582, 0.0
-0.11993820188187773, -0.4434161001438906, 0.8882550252391062, -0.03496395409041131, 0.896045214225348, 0.44258388580947433, -0.9921654850092828, 0.022025807522845383, -0.12297363196743037, 0.3708917712171418, 0.2929795202471354, 0.49337728823022836, 0.0
-0.12150327934123678, -0.4424503242671407, 0.8885238678084159, -0.03524806035455407, 0.8965147590908527, 0.4416093986471666, -0.9919649829255904, 0.022338247204569357, -0.12452499894101768, 0.3722234784867574, 0.29242096737496526, 0.49277349629354267, 0.0
-0.1230783016145043, -0.4414774244307403, 0.8887909852095087, -0.035532248503083584, 0.8969864084605725, 0.4406277820942729, -0.9917606520668201, 0.022650976910564224, -0.12608624927799567, 0.37356213421877743, 0.2918572107316681, 0.492164024111516, 0.0
-0.12466319010318247, -0.4404974304630312, 0.8890562989984182, -0.03581647167084174, 0.8974601221263844, 0.43963906736088315, -0.991552454179984, 0.02296394888433534, -0.12765730555392454, 0.37490764324027115, 0.29128824583033985, 0.49154886797211095, 0.0
-0.12625786599116232, -0.4395103723961891, 0.889319730935686, -0.03610068307458108, 0.8979358598768097, 0.43864328585861534, -0.9913403512199563, 0.02327711544537924, -0.12923809012685128, 0.37625991031223394, 0.2907140683317905, 0.4909280244085063, 0.0
-0.12786225024410308, -0.43851628046968866, 0.8895812029969742, -0.03638483601823254, 0.8984135814995742, 0.4376404692039283, -0.991124305357527, 0.023590428994352406, -0.1308285251366143, 0.3776188401338222, 0.29013467404978804, 0.49030149020518915, 0.0
-0.12947626360889108, -0.4375151851337017, 0.8898406373836294, -0.0366688838981564, 0.898893246784172, 0.43663064922136774, -0.9909042789874027, 0.023903842018225284, -0.13242853250422756, 0.37898433734662496, 0.28955005895626157, 0.4896692624039709, 0.0
-0.1310998266131812, -0.4365071170524263, 0.8900979565331971, -0.03695278020837623, 0.8993748155244429, 0.4356138579467438, -0.9906802347361459, 0.024217307095421043, -0.1340380339313465, 0.38035630653897146, 0.28896021918646153, 0.4890313383099255, 0.0
-0.13273285956501862, -0.4354921071073472, 0.8903530831298873, -0.037236478545795516, 0.8998582475211522, 0.43459012763024113, -0.9904521354700596, 0.024530776900939355, -0.1356569508998149, 0.38173465225027625, 0.28836515104407745, 0.4883877154972511, 0.0
-0.13437528255254294, -0.43447018640042834, 0.8906059401149878, -0.03751993261539717, 0.9003435025845837, 0.43355949073946, -0.990219944303012, 0.024844204211464743, -0.1372852046712927, 0.38311927897541975, 0.2877648510063139, 0.4877383918150534, 0.0
-0.13602701544377377, -0.43344138625723516, 0.8908564506972299, -0.03780309623542496, 0.9008305405371367, 0.4325219799623892, -0.9899836246042025, 0.025157541910459096, -0.1389227162869664, 0.38451009116916585, 0.2871593157289224, 0.48708336539305136, 0.0
-0.13768797788647855, -0.43240573822998835, 0.8911045383630989, -0.038085923342547304, 0.9013193212159336, 0.4314776282103099, -0.9897431400058695, 0.02547074299323842, -0.1405694065673402, 0.3859069932506154, 0.286548542051191, 0.48642263464720376, 0.0
-0.13935808930812227, -0.4313632741005475, 0.8913501268870978, -0.038368367997003223, 0.9018098044754337, 0.4304264686206304, -0.9894984544109384, 0.025783760572033798, -0.14222519611210976, 0.38730988960769663, 0.28593252700089, 0.48575619828525785, 0.0
-0.14103726891589985, -0.43031402588332507, 0.8915931403419549, -0.03865038438772967, 0.9023019501900557, 0.42936853455965174, -0.9892495320006094, 0.026096547881035832, -0.14389000530011772, 0.3887186846016911, 0.2853112677991738, 0.4850840553122182, 0.0
-0.14272543569685037, -0.42925802582813066, 0.8918335031087811, -0.03893192683747028, 0.902795718256807, 0.4283038596252636, -0.9889963372418858, 0.02640905828142249, -0.1455637542893915, 0.3901332825717956, 0.28468476186543934, 0.4844062050357361, 0.0
-0.14442250841805415, -0.42819530642294473, 0.8920711398871716, -0.03921294980786546, 0.9032910685979215, 0.42723247764957056, -0.9887388348950408, 0.026721245266370264, -0.14724636301726296, 0.39155358783971983, 0.2840530068221396, 0.4837226470714193, 0.0
-0.14612840562691248, -0.4271259003966213, 0.8923059757052577, -0.03949340790452338, 0.9037879611635034, 0.4261544227014483, -0.9884769900210238, 0.027033062466048474, -0.14893775120057123, 0.3929795047143205, 0.28341600049955284, 0.48303338134806173, 0.0
-0.14784304565150913, -0.42604984072152186, 0.8925379359297014, -0.039773255882071604, 0.9042863559341796, 0.42506972908903023, -0.9882107679888056, 0.02734446365259611, -0.15063783833594668, 0.3944109374962691, 0.28277374094050756, 0.4823384081127924, 0.0
-0.14956634660105558, -0.42496716061607615, 0.8927669462756354, -0.040052448649189026, 0.9047862129237589, 0.4239784313621231, -0.9879401344826603, 0.02765540274508097, -0.15234654370017847, 0.39584779048275676, 0.28212622640506113, 0.4816377279361438, 0.0
-0.15129822636641754, -0.42387789354727395, 0.8929929328165493, -0.040330941273618116, 0.9052874921818974, 0.42288056431455323, -0.9876650555093868, 0.027965833814441406, -0.15406378635066323, 0.39728996797223237, 0.2814734553751348, 0.48093134171703933, 0.0
-0.15303860262072538, -0.42278207323308475, 0.8932158219941193, -0.040608688987156756, 0.9057901537967717, 0.42177616298644116, -0.9873854974054662, 0.028275711088409528, -0.15578948512593757, 0.39873737426917666, 0.2808154265591014, 0.480219250687699, 0.0
-0.1547873928200653, -0.4216797336448067, 0.8934355406279805, -0.04088564719062952, 0.9062941578977581, 0.4206652626664067, -0.9871014268441568, 0.028584988956416073, -0.15752355864629075, 0.400189913688909, 0.28015213889632834, 0.479501456418464, 0.0
-0.15654451420425497, -0.4205709090093437, 0.8936520159254431, -0.04116177145883871, 0.9067994646581187, 0.41954789889370186, -0.9868128108425246, 0.028893621974476882, -0.15926592531446226, 0.40164749056243026, 0.27948359156167424, 0.4787779608225387, 0.0
-0.1583098837976996, -0.4194556338114116, 0.8938651754911509, -0.0414370175454935, 0.9073060342976931, 0.41842410746027503, -0.9865196167684113, 0.029201564870059833, -0.16101650331641904, 0.40311000924129736, 0.2788097839699384, 0.4780487661606514, 0.0
-0.16008341841033155, -0.41833394279567293, 0.8940749473366812, -0.04171134138811847, 0.9078138270855981, 0.4172939244127618, -0.9862218123473372, 0.029508772546933053, -0.16277521062221612, 0.40457737410253275, 0.27813071578026505, 0.4773138750456319, 0.0
-0.16186503463863097, -0.4172058709687991, 0.8942812598900866, -0.0419846991129396, 0.9083228033429303, 0.4161573860544066, -0.9859193656693384, 0.029815200089992812, -0.16454196498693874, 0.4060494895535654, 0.2774463869004993, 0.4765732904469066, 0.0
-0.16365464886672945, -0.4160714536014621, 0.8944840420053752, -0.04225704703974903, 0.9088329234454773, 0.4150145289469125, -0.9856122451957402, 0.03012080277007206, -0.16631668395172652, 0.40752626003720593, 0.27675679749149634, 0.47582701569491087, 0.0
-0.16545217726759415, -0.41493072623025373, 0.8946832229719337, -0.042528341686746775, 0.909344147826433, 0.41386538991221955, -0.9853004197658639, 0.03042553604872826, -0.16809928484487857, 0.40900759003665244, 0.2760619479713839, 0.47507505448541826, 0.0
-0.16725753580429478, -0.41378372465953295, 0.8948787325238873, -0.04279853977536005, 0.9098564369791186, 0.4127100060342131, -0.9849838586036687, 0.030729355583010768, -0.16988968478304062, 0.41049338408052904, 0.2753618390197756, 0.47431741088378604, 0.0
-0.16907064023135035, -0.412630484963202, 0.8950705008493991, -0.043067598235039285, 0.9103697514597078, 0.4115484146603595, -0.9846625313243246, 0.031032217230206945, -0.17168780067247263, 0.41198354674795523, 0.27465647158193773, 0.47355408932911774, 0.0
-0.170891406096159, -0.4114710434864096, 0.8952584585999078, -0.043335474208031105, 0.9108840518899588, 0.41038065340327157, -0.9843364079407215, 0.03133407705256755, -0.1734935492103986, 0.4134779826736467, 0.27394584687290663, 0.4727850946383413, 0.0
-0.17271974874050622, -0.41030543684718396, 0.8954425368993021, -0.04360212505412707, 0.9113992989599489, 0.4092067601422025, -0.9840054588699092, 0.03163489132200968, -0.175306846886435, 0.4149765965530454, 0.2732299663815586, 0.47201043201020393, 0.0
-0.1745555833021561, -0.4091337019379915, 0.8956226673530315, -0.043867508355388475, 0.9119154534308149, 0.4080267730244684, -0.983669654939469, 0.0319346165247981, -0.1771276099841019, 0.4164792931474809, 0.27250883187462993, 0.47123010702918194, 0.0
-0.17639882471652044, -0.40795587592722604, 0.8957987820571537, -0.04413158192084673, 0.912432476137497, 0.4068407304668, -0.9833289673938186, 0.03223320936620415, -0.1789557545824122, 0.4179859772893594, 0.2717824454006892, 0.47044412566930743, 0.0
-0.17824938771841028, -0.4067719962606249, 0.8959708136073172, -0.04439430379117884, 0.9129503279914865, 0.40564867115662273, -0.9829833679004484, 0.032530626775141805, -0.1807911965575427, 0.419496553887384, 0.2710508092940591, 0.4696524942979094, 0.0
-0.18010718684386395, -0.4055821006626127, 0.896138695107678, -0.044655632243357286, 0.9134689699835769, 0.4044506340532663, -0.9826328285560866, 0.03282682590878032, -0.18263385158458204, 0.42101092793180017, 0.27031392617868977, 0.46885521967927085, 0.0
-0.18197213643205787, -0.4043862271375749, 0.8963023601797498, -0.04491552579527484, 0.91398836318662, 0.4032466583891019, -0.9822773218927975, 0.033121764157133755, -0.18448363513936047, 0.4225290044996719, 0.26957179897198136, 0.4680523089782009, 0.0
-0.18384415062729267, -0.403184413971058, 0.89646174297119, -0.045173943210342966, 0.914508468758283, 0.4020367836706105, -0.9819168208840086, 0.03341539914762642, -0.18634046250035652, 0.4240506887601829, 0.2688244308885577, 0.46724376976352217, 0.0
-0.18572314338106077, -0.40197669973089895, 0.8966167781645137, -0.045430843502063833, 0.915029247943809, 0.40082104967937804, -0.9815512989504669, 0.033707688749633716, -0.18820424875068276, 0.42557588597996576, 0.26807182544398855, 0.46642961001147276, 0.0
-0.18760902845418947, -0.40076312326828323, 0.896767400985744, -0.04568618593857588, 0.9155506620787809, 0.39959949647302107, -0.9811807299661266, 0.03399859107899866, -0.19007490878014915, 0.4271045015284556, 0.26731398645846266, 0.4656098381090237, 0.0
-0.1895017194190639, -0.39954372371873004, 0.8969135472129907, -0.04593993004717177, 0.9160726725918866, 0.3983721643860412, -0.9808050882639625, 0.034288064502523294, -0.1919523572874047, 0.4286364408832709, 0.26655091806040887, 0.46478446285710995, 0.0
-0.1914011296619251, -0.3983185405030081, 0.8970551531849602, -0.046192035618789096, 0.9165952410076869, 0.3971390940306093, -0.980424348641715, 0.034576067642434115, -0.19383650878215472, 0.4301716096356174, 0.26578262469006686, 0.4639534934737782, 0.0
-0.19330717238524578, -0.39708761332797804, 0.8971921558093958, -0.04644246271247273, 0.9171183289493832, 0.39590032629727867, -0.9800384863675616, 0.034862559380822215, -0.19572727758745634, 0.43170991349571686, 0.265009111103007, 0.46311693959724637, 0.0
-0.19521976061018234, -0.39585098218736514, 0.8973244925714451, -0.04669117165980926, 0.9176418981415896, 0.3946559023556277, -0.9796474771857157, 0.03514749886405653, -0.1976245778420888, 0.4332512582982587, 0.26423038237359775, 0.46227481128888026, 0.0
-0.19713880717910198, -0.39460868736246063, 0.8974521015419579, -0.04693812306933229, 0.9181659104131032, 0.3934058636548335, -0.9792512973219535, 0.03543084550717096, -0.1995283235030002, 0.434795550007875, 0.26344644389842276, 0.46142711903608286, 0.0
