-0.02919952230128886, 0.0, 0.9995736030415051, 0.0, 1.0, 0.0, -0.9995736030415051, 0.0, -0.02919952230128886, 0.447500962295066, 0.0, 0.526456503512632, 0.0
-0.0292086169888813, 0.0, 0.9995733373262797, 0.0, 1.0, 0.0, -0.9995733373262797, 0.0, -0.0292086169888813, 0.4475092302109466, 0.0, 0.5264541326794899, 0.0
-0.029235852369968285, 0.0, 0.9995725411075483, 0.0, 1.0, 0.0, -0.9995725411075483, 0.0, -0.029235852369968285, 0.44753398958653207, 0.0, 0.5264470324168486, 0.0
-0.029281155400493634, 0.0, 0.9995712150409355, 0.0, 1.0, 0.0, -0.9995712150409355, 0.0, -0.029281155400493634, 0.4475751736721418, 0.0, 0.526435220411903, 0.0
-0.02934445300789796, 0.0, 0.9995693588129176, 0.0, 1.0, 0.0, -0.9995693588129176, 0.0, -0.02934445300789796, 0.44763271546528216, 0.0, 0.5264187134708462, 0.0
-0.029425672091284917, 0.0, 0.9995669711539973, 0.0, 1.0, 0.0, -0.9995669711539973, 0.0, -0.029425672091284917, 0.4477065477138806, 0.0, 0.5263975275308975, 0.0
-0.029524739521502783, 0.0, 0.9995640498518278, 0.0, 1.0, 0.0, -0.9995640498518278, 0.0, -0.029524739521502783, 0.4477966029194303, 0.0, 0.5263716776723043, 0.0
-0.02964158214114368, 0.0, 0.9995605917642861, 0.0, 1.0, 0.0, -0.9995605917642861, 0.0, -0.02964158214114368, 0.4479028133400479, 0.0, 0.526341178130316, 0.0
-0.02977612676446291, 0.0, 0.9995565928324952, 0.0, 1.0, 0.0, -0.9995565928324952, 0.0, -0.02977612676446291, 0.4480251109934458, 0.0, 0.5263060423071312, 0.0
-0.029928300177220857, 0.0, 0.9995520480937959, 0.0, 1.0, 0.0, -0.9995520480937959, 0.0, -0.029928300177220857, 0.4481634276598212, 0.0, 0.526266282783815, 0.0
-0.030098029136449714, 0.0, 0.9995469516946672, 0.0, 1.0, 0.0, -0.9995469516946672, 0.0, -0.030098029136449714, 0.44831769488466566, 0.0, 0.5262219113321879, 0.0
-0.03028524037014748, 0.0, 0.9995412969035959, 0.0, 1.0, 0.0, -0.9995412969035959, 0.0, -0.03028524037014748, 0.44848784398149466, 0.0, 0.5261729389266852, 0.0
-0.030489860576901496, 0.0, 0.9995350761238952, 0.0, 1.0, 0.0, -0.9995350761238952, 0.0, -0.030489860576901496, 0.44867380603450163, 0.0, 0.5261193757561863, 0.0
-0.030711816425443857, 0.0, 0.9995282809064732, 0.0, 1.0, 0.0, -0.9995282809064732, 0.0, -0.030711816425443857, 0.4488755119011375, 0.0, 0.5260612312358126, 0.0
-0.030951034554140902, 0.0, 0.9995209019625495, 0.0, 1.0, 0.0, -0.9995209019625495, 0.0, -0.030951034554140902, 0.44909289221461796, 0.0, 0.5259985140186956, 0.0
-0.031207441570419086, 0.0, 0.9995129291763207, 0.0, 1.0, 0.0, -0.9995129291763207, 0.0, -0.031207441570419086, 0.44932587738636015, 0.0, 0.5259312320077115, 0.0
-0.031480964050129435, 0.0, 0.9995043516175778, 0.0, 1.0, 0.0, -0.9995043516175778, 0.0, -0.031480964050129435, 0.44957439760835216, 0.0, 0.5258593923671858, 0.0
-0.03177152853685274, 0.0, 0.9994951575542684, 0.0, 1.0, 0.0, -0.9994951575542684, 0.0, -0.03177152853685274, 0.44983838285545535, 0.0, 0.5257830015345633, 0.0
-0.03207906154114775, 0.0, 0.9994853344650132, 0.0, 1.0, 0.0, -0.9994853344650132, 0.0, -0.03207906154114775, 0.45011776288764327, 0.0, 0.5257020652320465, 0.0
-0.032403489539744326, 0.0, 0.9994748690515672, 0.0, 1.0, 0.0, -0.9994748690515672, 0.0, -0.032403489539744326, 0.45041246725217804, 0.0, 0.5256165884781995, 0.0
-0.032744738974683926, 0.0, 0.9994637472512345, 0.0, 1.0, 0.0, -0.9994637472512345, 0.0, -0.032744738974683926, 0.45072242528572704, 0.0, 0.5255265755995187, 0.0
-0.033102736252409254, 0.0, 0.9994519542492292, 0.0, 1.0, 0.0, -0.9994519542492292, 0.0, -0.033102736252409254, 0.45104756611642033, 0.0, 0.5254320302419683, 0.0
-0.03347740774280533, 0.0, 0.9994394744909879, 0.0, 1.0, 0.0, -0.9994394744909879, 0.0, -0.03347740774280533, 0.45138781866585304, 0.0, 0.5253329553824821, 0.0
-0.03386867977819392, 0.0, 0.9994262916944311, 0.0, 1.0, 0.0, -0.9994262916944311, 0.0, -0.03386867977819392, 0.45174311165103215, 0.0, 0.525229353340429, 0.0
-0.034276478652283345, 0.0, 0.9994123888621752, 0.0, 1.0, 0.0, -0.9994123888621752, 0.0, -0.034276478652283345, 0.4521133735862714, 0.0, 0.525121225789043, 0.0
-0.034700730619075755, 0.0, 0.9993977482936922, 0.0, 1.0, 0.0, -0.9993977482936922, 0.0, -0.034700730619075755, 0.45249853278503493, 0.0, 0.5250085737668181, 0.0
-0.0351413618917337, 0.0, 0.9993823515974225, 0.0, 1.0, 0.0, -0.9993823515974225, 0.0, -0.0351413618917337, 0.45289851736173237, 0.0, 0.5248913976888663, 0.0
-0.035598298641408024, 0.0, 0.999366179702834, 0.0, 1.0, 0.0, -0.999366179702834, 0.0, -0.035598298641408024, 0.45331325523346655, 0.0, 0.5247696973582382, 0.0
-0.03607146699602901, 0.0, 0.9993492128724344, 0.0, 1.0, 0.0, -0.9993492128724344, 0.0, -0.03607146699602901, 0.45374267412173586, 0.0, 0.5246434719772071, 0.0
-0.036560793039062615, 0.0, 0.999331430713732, 0.0, 1.0, 0.0, -0.999331430713732, 0.0, -0.036560793039062615, 0.4541867015540933, 0.0, 0.5245127201585159, 0.0
-0.037066202808233674, 0.0, 0.9993128121911471, 0.0, 1.0, 0.0, -0.9993128121911471, 0.0, -0.037066202808233674, 0.45464526486576295, 0.0, 0.5243774399365856, 0.0
-0.037587622294218005, 0.0, 0.9992933356378733, 0.0, 1.0, 0.0, -0.9992933356378733, 0.0, -0.037587622294218005, 0.45511829120121716, 0.0, 0.5242376287786852, 0.0
-0.038124977439305104, 0.0, 0.9992729787676901, 0.0, 1.0, 0.0, -0.9992729787676901, 0.0, -0.038124977439305104, 0.45560570751571455, 0.0, 0.5240932835960641, 0.0
-0.03867819413603332, 0.0, 0.9992517186867257, 0.0, 1.0, 0.0, -0.9992517186867257, 0.0, -0.03867819413603332, 0.4561074405768017, 0.0, 0.5239444007550452, 0.0
-0.03924719822579927, 0.0, 0.9992295319051697, 0.0, 1.0, 0.0, -0.9992295319051697, 0.0, -0.03924719822579927, 0.4566234169657793, 0.0, 0.5237909760880783, 0.0
-0.03983191549744323, 0.0, 0.9992063943489375, 0.0, 1.0, 0.0, -0.9992063943489375, 0.0, -0.03983191549744323, 0.45715356307913485, 0.0, 0.5236330049047543, 0.0
-0.04043227168581222, 0.0, 0.9991822813712845, 0.0, 1.0, 0.0, -0.9991822813712845, 0.0, -0.04043227168581222, 0.4576978051299438, 0.0, 0.5234704820027798, 0.0
-0.041048192470302516, 0.0, 0.9991571677643718, 0.0, 1.0, 0.0, -0.9991571677643718, 0.0, -0.041048192470302516, 0.4582560691492398, 0.0, 0.523303401678911, 0.0
-0.041679603473383287, 0.0, 0.9991310277707831, 0.0, 1.0, 0.0, -0.9991310277707831, 0.0, -0.041679603473383287, 0.4588282809873564, 0.0, 0.5231317577398474, 0.0
-0.042326430259102925, 0.0, 0.9991038350949921, 0.0, 1.0, 0.0, -0.9991038350949921, 0.0, -0.042326430259102925, 0.45941436631524185, 0.0, 0.5229555435130853, 0.0
-0.04298859833157984, 0.0, 0.9990755629147807, 0.0, 1.0, 0.0, -0.9990755629147807, 0.0, -0.04298859833157984, 0.46001425062574736, 0.0, 0.5227747518577278, 0.0
-0.04366603313347921, 0.0, 0.9990461838926095, 0.0, 1.0, 0.0, -0.9990461838926095, 0.0, -0.04366603313347921, 0.4606278592348919, 0.0, 0.5225893751752575, 0.0
-0.044358660044477305, 0.0, 0.9990156701869387, 0.0, 1.0, 0.0, -0.9990156701869387, 0.0, -0.044358660044477305, 0.4612551172831041, 0.0, 0.5223994054202632, 0.0
-0.04506640437971506, 0.0, 0.9989839934635009, 0.0, 1.0, 0.0, -0.9989839934635009, 0.0, -0.04506640437971506, 0.4618959497364421, 0.0, 0.5222048341111271, 0.0
-0.04578919138824231, 0.0, 0.9989511249065246, 0.0, 1.0, 0.0, -0.9989511249065246, 0.0, -0.04578919138824231, 0.4625502813877949, 0.0, 0.5220056523406694, 0.0
-0.04652694625145422, 0.0, 0.9989170352299104, 0.0, 1.0, 0.0, -0.9989170352299104, 0.0, -0.04652694625145422, 0.4632180368580641, 0.0, 0.5218018507867503, 0.0
-0.04727959408152147, 0.0, 0.9988816946883582, 0.0, 1.0, 0.0, -0.9988816946883582, 0.0, -0.04727959408152147, 0.46389914059732884, 0.0, 0.521593419722828, 0.0
-0.04804705991981574, 0.0, 0.9988450730884453, 0.0, 1.0, 0.0, -0.9988450730884453, 0.0, -0.04804705991981574, 0.46459351688599554, 0.0, 0.521380349028475, 0.0
-0.048829268735331666, 0.0, 0.9988071397996575, 0.0, 1.0, 0.0, -0.9988071397996575, 0.0, -0.048829268735331666, 0.4653010898359327, 0.0, 0.5211626281998502, 0.0
-0.04962614542310715, 0.0, 0.9987678637653719, 0.0, 1.0, 0.0, -0.9987678637653719, 0.0, -0.04962614542310715, 0.46602178339159295, 0.0, 0.5209402463601281, 0.0
-0.05043761480264296, 0.0, 0.9987272135137903, 0.0, 1.0, 0.0, -0.9987272135137903, 0.0, -0.05043761480264296, 0.4667555213311236, 0.0, 0.520713192269883, 0.0
-0.051263601616323345, 0.0, 0.9986851571688261, 0.0, 1.0, 0.0, -0.9986851571688261, 0.0, -0.051263601616323345, 0.4675022272674662, 0.0, 0.5204814543374292, 0.0
-0.05210403052783896, 0.0, 0.998641662460942, 0.0, 1.0, 0.0, -0.998641662460942, 0.0, -0.05210403052783896, 0.46826182464944777, 0.0, 0.5202450206291176, 0.0
-0.052958826120613305, 0.0, 0.9985966967379407, 0.0, 1.0, 0.0, -0.9985966967379407, 0.0, -0.052958826120613305, 0.4690342367628631, 0.0, 0.5200038788795862, 0.0
-0.05382791289623418, 0.0, 0.9985502269757067, 0.0, 1.0, 0.0, -0.9985502269757067, 0.0, -0.05382791289623418, 0.4698193867315515, 0.0, 0.5197580165019665, 0.0
-0.05471121527289143, 0.0, 0.9985022197889012, 0.0, 1.0, 0.0, -0.9985022197889012, 0.0, -0.05471121527289143, 0.47061719751846715, 0.0, 0.5195074205980443, 0.0
-0.05560865758382215, 0.0, 0.9984526414416085, 0.0, 1.0, 0.0, -0.9984526414416085, 0.0, -0.05560865758382215, 0.47142759192674566, 0.0, 0.5192520779683748, 0.0
-0.05652016407576471, 0.0, 0.9984014578579342, 0.0, 1.0, 0.0, -0.9984014578579342, 0.0, -0.05652016407576471, 0.4722504926007674, 0.0, 0.5189919751223518, 0.0
-0.057445658907422925, 0.0, 0.9983486346325575, 0.0, 1.0, 0.0, -0.9983486346325575, 0.0, -0.057445658907422925, 0.4730858220272188, 0.0, 0.5187270982882312, 0.0
-0.05838506614794125, 0.0, 0.9982941370412332, 0.0, 1.0, 0.0, -0.9982941370412332, 0.0, -0.05838506614794125, 0.47393350253615296, 0.0, 0.5184574334231077, 0.0
-0.0593383097753928, 0.0, 0.9982379300512476, 0.0, 1.0, 0.0, -0.9982379300512476, 0.0, -0.0593383097753928, 0.47479345630205, 0.0, 0.5181829662228451, 0.0
-0.060305313675280595, 0.0, 0.9981799783318267, 0.0, 1.0, 0.0, -0.9981799783318267, 0.0, -0.060305313675280595, 0.47566560534487967, 0.0, 0.5179036821319598, 0.0
-0.06128600163905395, 0.0, 0.9981202462644958, 0.0, 1.0, 0.0, -0.9981202462644958, 0.0, -0.06128600163905395, 0.47654987153116535, 0.0, 0.5176195663534562, 0.0
-0.06228029736264061, 0.0, 0.9980586979533924, 0.0, 1.0, 0.0, -0.9980586979533924, 0.0, -0.06228029736264061, 0.4774461765750523, 0.0, 0.517330603858617, 0.0
-0.06328812444499603, 0.0, 0.9979952972355304, 0.0, 1.0, 0.0, -0.9979952972355304, 0.0, -0.06328812444499603, 0.4783544420393797, 0.0, 0.5170367793967425, 0.0
-0.06430940638667075, 0.0, 0.9979300076910174, 0.0, 1.0, 0.0, -0.9979300076910174, 0.0, -0.06430940638667075, 0.47927458933675887, 0.0, 0.5167380775048452, 0.0
-0.06534406658839706, 0.0, 0.997862792653224, 0.0, 1.0, 0.0, -0.997862792653224, 0.0, -0.06534406658839706, 0.48020653973065736, 0.0, 0.5164344825172942, 0.0
-0.0663920283496959, 0.0, 0.9977936152189054, 0.0, 1.0, 0.0, -0.9977936152189054, 0.0, -0.0663920283496959, 0.4811502143364904, 0.0, 0.5161259785754113, 0.0
-0.06745321486750505, 0.0, 0.9977224382582753, 0.0, 1.0, 0.0, -0.9977224382582753, 0.0, -0.06745321486750505, 0.4821055341227215, 0.0, 0.5158125496370197, 0.0
-0.06852754923482982, 0.0, 0.997649224425032, 0.0, 1.0, 0.0, -0.997649224425032, 0.0, -0.06852754923482982, 0.48307241991197164, 0.0, 0.5154941794859424, 0.0
-0.06961495443941686, 0.0, 0.9975739361663364, 0.0, 1.0, 0.0, -0.9975739361663364, 0.0, -0.06961495443941686, 0.4840507923821384, 0.0, 0.5151708517414515, 0.0
-0.07071535336245248, 0.0, 0.9974965357327429, 0.0, 1.0, 0.0, -0.9974965357327429, 0.0, -0.07071535336245248, 0.4850405720675274, 0.0, 0.514842549867669, 0.0
-0.07182866877728608, 0.0, 0.9974169851880822, 0.0, 1.0, 0.0, -0.9974169851880822, 0.0, -0.07182866877728608, 0.48604167935999404, 0.0, 0.5145092571829164, 0.0
-0.07295482334817988, 0.0, 0.997335246419295, 0.0, 1.0, 0.0, -0.997335246419295, 0.0, -0.07295482334817988, 0.48705403451009965, 0.0, 0.5141709568690158, 0.0
-0.07409373962908573, 0.0, 0.99725128114622, 0.0, 1.0, 0.0, -0.99725128114622, 0.0, -0.07409373962908573, 0.4880775576282799, 0.0, 0.5138276319805396, 0.0
-0.07524534006244996, 0.0, 0.9971650509313321, 0.0, 1.0, 0.0, -0.9971650509313321, 0.0, -0.07524534006244996, 0.4891121686860287, 0.0, 0.51347926545401, 0.0
-0.07640954697804725, 0.0, 0.9970765171894329, 0.0, 1.0, 0.0, -0.9970765171894329, 0.0, -0.07640954697804725, 0.4901577875170965, 0.0, 0.5131258401170481, 0.0
-0.07758628259184387, 0.0, 0.9969856411972934, 0.0, 1.0, 0.0, -0.9969856411972934, 0.0, -0.07758628259184387, 0.49121433381870516, 0.0, 0.5127673386974712, 0.0
-0.07877546900489213, 0.0, 0.9968923841032487, 0.0, 1.0, 0.0, -0.9968923841032487, 0.0, -0.07877546900489213, 0.4922817271527795, 0.0, 0.5124037438323392, 0.0
-0.07997702820225563, 0.0, 0.9967967069367432, 0.0, 1.0, 0.0, -0.9967967069367432, 0.0, -0.07997702820225563, 0.49335988694719596, 0.0, 0.5120350380769503, 0.0
-0.08119088205196723, 0.0, 0.9966985706178288, 0.0, 1.0, 0.0, -0.9966985706178288, 0.0, -0.08119088205196723, 0.4944487324970498, 0.0, 0.5116612039137826, 0.0
-0.08241695230401964, 0.0, 0.9965979359666148, 0.0, 1.0, 0.0, -0.9965979359666148, 0.0, -0.08241695230401964, 0.49554818296594105, 0.0, 0.5112822237613859, 0.0
-0.08365516058939018, 0.0, 0.9964947637126667, 0.0, 1.0, 0.0, -0.9964947637126667, 0.0, -0.08365516058939018, 0.4966581573872802, 0.0, 0.5108980799832198, 0.0
-0.08490542841909954, 0.0, 0.9963890145043597, 0.0, 1.0, 0.0, -0.9963890145043597, 0.0, -0.08490542841909954, 0.49777857466561404, 0.0, 0.5105087548964401, 0.0
-0.08616767718330637, 0.0, 0.9962806489181818, 0.0, 1.0, 0.0, -0.9962806489181818, 0.0, -0.08616767718330637, 0.49890935357797206, 0.0, 0.5101142307806308, 0.0
-0.08744182815043738, 0.0, 0.9961696274679877, 0.0, 1.0, 0.0, -0.9961696274679877, 0.0, -0.08744182815043738, 0.500050412775235, 0.0, 0.5097144898864847, 0.0
-0.08872780246635421, 0.0, 0.9960559106142042, 0.0, 1.0, 0.0, -0.9960559106142042, 0.0, -0.08872780246635421, 0.5012016707835251, 0.0, 0.5093095144444295, 0.0
-0.09002552115355777, 0.0, 0.995939458772987, 0.0, 1.0, 0.0, -0.995939458772987, 0.0, -0.09002552115355777, 0.5023630460056184, 0.0, 0.5088992866732003, 0.0
-0.09133490511043028, 0.0, 0.9958202323253272, 0.0, 1.0, 0.0, -0.9958202323253272, 0.0, -0.09133490511043028, 0.5035344567223823, 0.0, 0.5084837887883586, 0.0
-0.09265587511051612, 0.0, 0.9956981916261093, 0.0, 1.0, 0.0, -0.9956981916261093, 0.0, -0.09265587511051612, 0.5047158210942343, 0.0, 0.5080630030107565, 0.0
-0.09398835180184179, 0.0, 0.9955732970131195, 0.0, 1.0, 0.0, -0.9955732970131195, 0.0, -0.09398835180184179, 0.5059070571626271, 0.0, 0.5076369115749466, 0.0
-0.09533225570627563, 0.0, 0.995445508816004, 0.0, 1.0, 0.0, -0.995445508816004, 0.0, -0.09533225570627563, 0.5071080828515577, 0.0, 0.5072054967375375, 0.0
-0.09668750721892824, 0.0, 0.995314787365178, 0.0, 1.0, 0.0, -0.995314787365178, 0.0, -0.09668750721892824, 0.5083188159691019, 0.0, 0.5067687407854932, 0.0
-0.09805402660759341, 0.0, 0.9951810930006847, 0.0, 1.0, 0.0, -0.9951810930006847, 0.0, -0.09805402660759341, 0.5095391742089748, 0.0, 0.5063266260443792, 0.0
-0.09943173401223082, 0.0, 0.9950443860810033, 0.0, 1.0, 0.0, -0.9950443860810033, 0.0, -0.09943173401223082, 0.5107690751521176, 0.0, 0.5058791348865501, 0.0
-0.10082054944449076, 0.0, 0.9949046269918091, 0.0, 1.0, 0.0, -0.9949046269918091, 0.0, -0.10082054944449076, 0.5120084362683108, 0.0, 0.5054262497392845, 0.0
-0.10222039278728137, 0.0, 0.9947617761546801, 0.0, 1.0, 0.0, -0.9947617761546801, 0.0, -0.10222039278728137, 0.5132571749178154, 0.0, 0.5049679530928615, 0.0
-0.10363118379437875, 0.0, 0.9946157940357551, 0.0, 1.0, 0.0, -0.9946157940357551, 0.0, -0.10363118379437875, 0.5145152083530402, 0.0, 0.504504227508581, 0.0
-0.10505284209008076, 0.0, 0.9944666411543408, 0.0, 1.0, 0.0, -0.9944666411543408, 0.0, -0.10505284209008076, 0.5157824537202389, 0.0, 0.5040350556267293, 0.0
-0.10648528716890482, 0.0, 0.9943142780914673, 0.0, 1.0, 0.0, -0.9943142780914673, 0.0, -0.10648528716890482, 0.517058828061234, 0.0, 0.5035604201744853, 0.0
-0.10792843839532973, 0.0, 0.9941586654983929, 0.0, 1.0, 0.0, -0.9941586654983929, 0.0, -0.10792843839532973, 0.5183442483151702, 0.0, 0.5030803039737708, 0.0
-0.10938221500358289, 0.0, 0.9939997641050574, 0.0, 1.0, 0.0, -0.9939997641050574, 0.0, -0.10938221500358289, 0.5196386313202968, 0.0, 0.502594689949043, 0.0
-0.11084653609747208, 0.0, 0.9938375347284846, 0.0, 1.0, 0.0, -0.9938375347284846, 0.0, -0.11084653609747208, 0.520941893815779, 0.0, 0.5021035611350297, 0.0
-0.11232132065026343, 0.0, 0.9936719382811314, 0.0, 1.0, 0.0, -0.9936719382811314, 0.0, -0.11232132065026343, 0.5222539524435399, 0.0, 0.5016069006844057, 0.0
-0.11380648750460488, 0.0, 0.9935029357791875, 0.0, 1.0, 0.0, -0.9935029357791875, 0.0, -0.11380648750460488, 0.5235747237501304, 0.0, 0.5011046918754114, 0.0
-0.11530195537249648, 0.0, 0.99333048835082, 0.0, 1.0, 0.0, -0.99333048835082, 0.0, -0.11530195537249648, 0.5249041241886324, 0.0, 0.5005969181194128, 0.0
-0.11680764283530672, 0.0, 0.9931545572443694, 0.0, 1.0, 0.0, -0.9931545572443694, 0.0, -0.11680764283530672, 0.5262420701205897, 0.0, 0.5000835629684025, 0.0
-0.11832346834383647, 0.0, 0.9929751038364885, 0.0, 1.0, 0.0, -0.9929751038364885, 0.0, -0.11832346834383647, 0.5275884778179707, 0.0, 0.499564610122442, 0.0
-0.11984935021842984, 0.0, 0.9927920896402328, 0.0, 1.0, 0.0, -0.9927920896402328, 0.0, -0.11984935021842984, 0.5289432634651632, 0.0, 0.4990400434370437, 0.0
-0.12138520664913245, 0.0, 0.9926054763130955, 0.0, 1.0, 0.0, -0.9926054763130955, 0.0, -0.12138520664913245, 0.5303063431609977, 0.0, 0.4985098469304945, 0.0
-0.1229309556958982, 0.0, 0.99241522566499, 0.0, 1.0, 0.0, -0.99241522566499, 0.0, -0.1229309556958982, 0.5316776329208053, 0.0, 0.4979740047911185, 0.0
-0.12448651528884323, 0.0, 0.9922212996661786, 0.0, 1.0, 0.0, -0.9922212996661786, 0.0, -0.12448651528884323, 0.533057048678504, 0.0, 0.4974325013844799, 0.0
-0.1260518032285491, 0.0, 0.9920236604551482, 0.0, 1.0, 0.0, -0.9920236604551482, 0.0, -0.1260518032285491, 0.5344445062887195, 0.0, 0.4968853212605257, 0.0
-0.12762673718641365, 0.0, 0.9918222703464316, 0.0, 1.0, 0.0, -0.9918222703464316, 0.0, -0.12762673718641365, 0.5358399215289357, 0.0, 0.4963324491606669, 0.0
-0.12921123470505153, 0.0, 0.9916170918383749, 0.0, 1.0, 0.0, -0.9916170918383749, 0.0, -0.12921123470505153, 0.5372432101016785, 0.0, 0.4957738700247995, 0.0
-0.13080521319874258, 0.0, 0.9914080876208502, 0.0, 1.0, 0.0, -0.9914080876208502, 0.0, -0.13080521319874258, 0.5386542876367311, 0.0, 0.4952095689982642, 0.0
-0.13240858995393048, 0.0, 0.9911952205829141, 0.0, 1.0, 0.0, -0.9911952205829141, 0.0, -0.13240858995393048, 0.5400730696933814, 0.0, 0.4946395314387435, 0.0
-0.13402128212976966, 0.0, 0.9909784538204109, 0.0, 1.0, 0.0, -0.9909784538204109, 0.0, -0.13402128212976966, 0.5414994717627025, 0.0, 0.4940637429230989, 0.0
-0.13564320675872232, 0.0, 0.9907577506435215, 0.0, 1.0, 0.0, -0.9907577506435215, 0.0, -0.13564320675872232, 0.5429334092698648, 0.0, 0.4934821892541443, 0.0
-0.13727428074720452, 0.0, 0.9905330745842552, 0.0, 1.0, 0.0, -0.9905330745842552, 0.0, -0.13727428074720452, 0.5443747975764801, 0.0, 0.49289485646735787, 0.0
-0.13891442087628197, 0.0, 0.9903043894038879, 0.0, 1.0, 0.0, -0.9903043894038879, 0.0, -0.13891442087628197, 0.5458235519829795, 0.0, 0.4923017308375314, 0.0
-0.14056354380241604, 0.0, 0.9900716591003432, 0.0, 1.0, 0.0, -0.9900716591003432, 0.0, -0.14056354380241604, 0.5472795877310228, 0.0, 0.49170279888535695, 0.0
-0.14222156605825856, 0.0, 0.9898348479155179, 0.0, 1.0, 0.0, -0.9898348479155179, 0.0, -0.14222156605825856, 0.5487428200059402, 0.0, 0.49109804738394963, 0.0
-0.14388840405349757, 0.0, 0.98959392034255, 0.0, 1.0, 0.0, -0.98959392034255, 0.0, -0.14388840405349757, 0.5502131639392072, 0.0, 0.49048746336530774, 0.0
-0.1455639740757523, 0.0, 0.9893488411330321, 0.0, 1.0, 0.0, -0.9893488411330321, 0.0, -0.1455639740757523, 0.5516905346109513, 0.0, 0.48987103412670974, 0.0
-0.1472481922915183, 0.0, 0.9890995753041651, 0.0, 1.0, 0.0, -0.9890995753041651, 0.0, -0.1472481922915183, 0.553174847052492, 0.0, 0.4892487472370457, 0.0
-0.1489409747471622, 0.0, 0.9888460881458576, 0.0, 1.0, 0.0, -0.9888460881458576, 0.0, -0.1489409747471622, 0.5546660162489115, 0.0, 0.4886205905430867, 0.0
-0.15064223736996732, 0.0, 0.9885883452277648, 0.0, 1.0, 0.0, -0.9885883452277648, 0.0, -0.15064223736996732, 0.55616395714166, 0.0, 0.4879865521756886, 0.0
-0.1523518959692278, 0.0, 0.9883263124062728, 0.0, 1.0, 0.0, -0.9883263124062728, 0.0, -0.1523518959692278, 0.5576685846311908, 0.0, 0.4873466205559312, 0.0
-0.15406986623739422, 0.0, 0.9880599558314219, 0.0, 1.0, 0.0, -0.9880599558314219, 0.0, -0.15406986623739422, 0.5591798135796298, 0.0, 0.4867007844011935, 0.0
-0.15579606375126764, 0.0, 0.9877892419537737, 0.0, 1.0, 0.0, -0.9877892419537737, 0.0, -0.15579606375126764, 0.5606975588134749, 0.0, 0.48604903273116273, 0.0
-0.15753040397324458, 0.0, 0.9875141375312185, 0.0, 1.0, 0.0, -0.9875141375312185, 0.0, -0.15753040397324458, 0.5622217351263292, 0.0, 0.4853913548737789, 0.0
-0.1592728022526106, 0.0, 0.9872346096357243, 0.0, 1.0, 0.0, -0.9872346096357243, 0.0, -0.1592728022526106, 0.5637522572816644, 0.0, 0.4847277404711135, 0.0
-0.16102317382688489, 0.0, 0.986950625660026, 0.0, 1.0, 0.0, -0.986950625660026, 0.0, -0.16102317382688489, 0.5652890400156171, 0.0, 0.4840581794851823, 0.0
-0.1627814338232132, 0.0, 0.9866621533242566, 0.0, 1.0, 0.0, -0.9866621533242566, 0.0, -0.1627814338232132, 0.5668319980398159, 0.0, 0.4833826622036925, 0.0
-0.1645474972598106, 0.0, 0.9863691606825168, 0.0, 1.0, 0.0, -0.9863691606825168, 0.0, -0.1645474972598106, 0.5683810460442392, 0.0, 0.48270117924572287, 0.0
-0.16632127904745378, 0.0, 0.9860716161293859, 0.0, 1.0, 0.0, -0.9860716161293859, 0.0, -0.16632127904745378, 0.5699360987001061, 0.0, 0.48201372156733824, 0.0
-0.16810269399102207, 0.0, 0.9857694884063721, 0.0, 1.0, 0.0, -0.9857694884063721, 0.0, -0.16810269399102207, 0.5714970706627954, 0.0, 0.4813202804671368, 0.0
-0.16989165679108784, 0.0, 0.9854627466083024, 0.0, 1.0, 0.0, -0.9854627466083024, 0.0, -0.16989165679108784, 0.5730638765747983, 0.0, 0.48062084759173096, 0.0
-0.1716880820455553, 0.0, 0.9851513601896505, 0.0, 1.0, 0.0, -0.9851513601896505, 0.0, -0.1716880820455553, 0.5746364310686987, 0.0, 0.47991541494116, 0.0
-0.17349188425134804, 0.0, 0.9848352989708059, 0.0, 1.0, 0.0, -0.9848352989708059, 0.0, -0.17349188425134804, 0.576214648770186, 0.0, 0.4792039748742368, 0.0
-0.17530297780614565, 0.0, 0.9845145331442791, 0.0, 1.0, 0.0, -0.9845145331442791, 0.0, -0.17530297780614565, 0.5777984443010967, 0.0, 0.47848652011382586, 0.0
-0.177121277010167, 0.0, 0.9841890332808467, 0.0, 1.0, 0.0, -0.9841890332808467, 0.0, -0.177121277010167, 0.579387732282486, 0.0, 0.477763043752054, 0.0
-0.17894669606800345, 0.0, 0.9838587703356338, 0.0, 1.0, 0.0, -0.9838587703356338, 0.0, -0.17894669606800345, 0.5809824273377286, 0.0, 0.4770335392554529, 0.0
-0.18077914909049783, 0.0, 0.9835237156541348, 0.0, 1.0, 0.0, -0.9835237156541348, 0.0, -0.18077914909049783, 0.5825824440956493, 0.0, 0.476298000470034, 0.0
-0.1826185500966729, 0.0, 0.9831838409781707, 0.0, 1.0, 0.0, -0.9831838409781707, 0.0, -0.1826185500966729, 0.5841876971936822, 0.0, 0.4755564216262942, 0.0
-0.1844648130157049, 0.0, 0.9828391184517845, 0.0, 1.0, 0.0, -0.9828391184517845, 0.0, -0.1844648130157049, 0.5857981012810574, 0.0, 0.4748087973441533, 0.0
-0.18631785168894607, 0.0, 0.9824895206270731, 0.0, 1.0, 0.0, -0.9824895206270731, 0.0, -0.18631785168894607, 0.5874135710220179, 0.0, 0.47405512263782323, 0.0
-0.18817757987199205, 0.0, 0.9821350204699555, 0.0, 1.0, 0.0, -0.9821350204699555, 0.0, -0.18817757987199205, 0.5890340210990622, 0.0, 0.4732953929206072, 0.0
-0.19004391123679726, 0.0, 0.9817755913658784, 0.0, 1.0, 0.0, -0.9817755913658784, 0.0, -0.19004391123679726, 0.5906593662162171, 0.0, 0.47252960400963073, 0.0
-0.19191675937383434, 0.0, 0.9814112071254565, 0.0, 1.0, 0.0, -0.9814112071254565, 0.0, -0.19191675937383434, 0.5922895211023346, 0.0, 0.4717577521305032, 0.0
-0.19379603779430163, 0.0, 0.9810418419900496, 0.0, 1.0, 0.0, -0.9810418419900496, 0.0, -0.19379603779430163, 0.593924400514418, 0.0, 0.4709798339219088, 0.0
-0.19568165993237369, 0.0, 0.9806674706372751, 0.0, 1.0, 0.0, -0.9806674706372751, 0.0, -0.19568165993237369, 0.5955639192409736, 0.0, 0.47019584644012996, 0.0
-0.1975735391474982, 0.0, 0.980288068186455, 0.0, 1.0, 0.0, -0.980288068186455, 0.0, -0.1975735391474982, 0.5972079921053879, 0.0, 0.4694057871634987, 0.0
-0.19947158872673743, 0.0, 0.9799036102039993, 0.0, 1.0, 0.0, -0.9799036102039993, 0.0, -0.19947158872673743, 0.598856533969332, 0.0, 0.4686096539967796, 0.0
-0.2013757218871529, 0.0, 0.9795140727087223, 0.0, 1.0, 0.0, -0.9795140727087223, 0.0, -0.2013757218871529, 0.6005094597361893, 0.0, 0.4678074452754818, 0.0
-0.20328585177823522, 0.0, 0.9791194321770951, 0.0, 1.0, 0.0, -0.9791194321770951, 0.0, -0.20328585177823522, 0.6021666843545094, 0.0, 0.4669991597701009, 0.0
-0.2052018914843764, 0.0, 0.9787196655484318, 0.0, 1.0, 0.0, -0.9787196655484318, 0.0, -0.2052018914843764, 0.6038281228214859, 0.0, 0.4661847966902912, 0.0
-0.20712375402738556, 0.0, 0.9783147502300081, 0.0, 1.0, 0.0, -0.9783147502300081, 0.0, -0.20712375402738556, 0.6054936901864585, 0.0, 0.46536435568896545, 0.0
-0.20905135236904723, 0.0, 0.977904664102116, 0.0, 1.0, 0.0, -0.977904664102116, 0.0, -0.20905135236904723, 0.6071633015544377, 0.0, 0.4645378368663261, 0.0
-0.2109845994137215, 0.0, 0.9774893855230508, 0.0, 1.0, 0.0, -0.9774893855230508, 0.0, -0.2109845994137215, 0.6088368720896536, 0.0, 0.4637052407738247, 0.0
-0.21292340801098636, 0.0, 0.9770688933340305, 0.0, 1.0, 0.0, -0.9770688933340305, 0.0, -0.21292340801098636, 0.6105143170191266, 0.0, 0.46286656841804963, 0.0
-0.21486769095832098, 0.0, 0.9766431668640493, 0.0, 1.0, 0.0, -0.9766431668640493, 0.0, -0.21486769095832098, 0.6121955516362606, 0.0, 0.46202182126454433, 0.0
-0.21681736100382953, 0.0, 0.976212185934664, 0.0, 1.0, 0.0, -0.976212185934664, 0.0, -0.21681736100382953, 0.6138804913044571, 0.0, 0.46117100124155297, 0.0
-0.21877233084900571, 0.0, 0.9757759308647109, 0.0, 1.0, 0.0, -0.9757759308647109, 0.0, -0.21877233084900571, 0.615569051460751, 0.0, 0.4603141107436958, 0.0
-0.22073251315153686, 0.0, 0.9753343824749574, 0.0, 1.0, 0.0, -0.9753343824749574, 0.0, -0.22073251315153686, 0.6172611476194675, 0.0, 0.4594511526355721, 0.0
-0.22269782052814735, 0.0, 0.9748875220926837, 0.0, 1.0, 0.0, -0.9748875220926837, 0.0, -0.22269782052814735, 0.618956695375897, 0.0, 0.45858213025529243, 0.0
-0.22466816555748073, 0.0, 0.9744353315561973, 0.0, 1.0, 0.0, -0.9744353315561973, 0.0, -0.22466816555748073, 0.6206556104099922, 0.0, 0.45770704741793933, 0.0
-0.22664346078302017, 0.0, 0.9739777932192785, 0.0, 1.0, 0.0, -0.9739777932192785, 0.0, -0.22664346078302017, 0.6223578084900822, 0.0, 0.4568259084189555, 0.0
-0.22862361871604625, 0.0, 0.9735148899555568, 0.0, 1.0, 0.0, -0.9735148899555568, 0.0, -0.22862361871604625, 0.6240632054766057, 0.0, 0.45593871803746105, 0.0
-0.23060855183863282, 0.0, 0.9730466051628197, 0.0, 1.0, 0.0, -0.9730466051628197, 0.0, -0.23060855183863282, 0.6257717173258628, 0.0, 0.4550454815394986, 0.0
-0.23259817260667798, 0.0, 0.9725729227672514, 0.0, 1.0, 0.0, -0.9725729227672514, 0.0, -0.23259817260667798, 0.6274832600937826, 0.0, 0.45414620468120676, 0.0
-0.23459239345297286, 0.0, 0.9720938272276013, 0.0, 1.0, 0.0, -0.9720938272276013, 0.0, -0.23459239345297286, 0.6291977499397096, 0.0, 0.45324089371192067, 0.0
-0.23659112679030403, 0.0, 0.9716093035392849, 0.0, 1.0, 0.0, -0.9716093035392849, 0.0, -0.23659112679030403, 0.6309151031302034, 0.0, 0.45232955537720193, 0.0
-0.23859428501459234, 0.0, 0.9711193372384134, 0.0, 1.0, 0.0, -0.9711193372384134, 0.0, -0.23859428501459234, 0.6326352360428578, 0.0, 0.4514121969217955, 0.0
-0.240601780508065, 0.0, 0.9706239144057542, 0.0, 1.0, 0.0, -0.9706239144057542, 0.0, -0.240601780508065, 0.6343580651701314, 0.0, 0.45048882609251506, 0.0
-0.2426135256424619, 0.0, 0.97012302167062, 0.0, 1.0, 0.0, -0.97012302167062, 0.0, -0.2426135256424619, 0.6360835071231946, 0.0, 0.4495594511410551, 0.0
-0.24462943278227417, 0.0, 0.9696166462146897, 0.0, 1.0, 0.0, -0.9696166462146897, 0.0, -0.24462943278227417, 0.63781147863579, 0.0, 0.44862408082673305, 0.0
-0.2466494142880168, 0.0, 0.9691047757757559, 0.0, 1.0, 0.0, -0.9691047757757559, 0.0, -0.2466494142880168, 0.639541896568106, 0.0, 0.4476827244191563, 0.0
-0.24867338251953075, 0.0, 0.9685873986514046, 0.0, 1.0, 0.0, -0.9685873986514046, 0.0, -0.24867338251953075, 0.641274677910662, 0.0, 0.44673539170081983, 0.0
-0.25070124983931846, 0.0, 0.9680645037026219, 0.0, 1.0, 0.0, -0.9680645037026219, 0.0, -0.25070124983931846, 0.6430097397882075, 0.0, 0.44578209296962956, 0.0
-0.25273292861590824, 0.0, 0.9675360803573302, 0.0, 1.0, 0.0, -0.9675360803573302, 0.0, -0.25273292861590824, 0.6447469994636312, 0.0, 0.44482283904135456, 0.0
-0.2547683312272496, 0.0, 0.9670021186138541, 0.0, 1.0, 0.0, -0.9670021186138541, 0.0, -0.2547683312272496, 0.6464863743418805, 0.0, 0.44385764125200655, 0.0
-0.25680737006413673, 0.0, 0.9664626090443134, 0.0, 1.0, 0.0, -0.9664626090443134, 0.0, -0.25680737006413673, 0.648227781973892, 0.0, 0.44288651146014785, 0.0
-0.25884995753366163, 0.0, 0.9659175427979458, 0.0, 1.0, 0.0, -0.9659175427979458, 0.0, -0.25884995753366163, 0.649971140060531, 0.0, 0.44190946204912573, 0.0
-0.26089600606269386, 0.0, 0.9653669116043572, 0.0, 1.0, 0.0, -0.9653669116043572, 0.0, -0.26089600606269386, 0.6517163664565389, 0.0, 0.44092650592923677, 0.0
-0.2629454281013883, 0.0, 0.9648107077767004, 0.0, 1.0, 0.0, -0.9648107077767004, 0.0, -0.2629454281013883, 0.6534633791744903, 0.0, 0.43993765653981665, 0.0
-0.2649981361267195, 0.0, 0.9642489242147821, 0.0, 1.0, 0.0, -0.9642489242147821, 0.0, -0.2649981361267195, 0.6552120963887558, 0.0, 0.43894292785125977, 0.0
-0.26705404264604066, 0.0, 0.9636815544080973, 0.0, 1.0, 0.0, -0.9636815544080973, 0.0, -0.26705404264604066, 0.6569624364394733, 0.0, 0.4379423343669663, 0.0
-0.26911306020066833, 0.0, 0.9631085924387921, 0.0, 1.0, 0.0, -0.9631085924387921, 0.0, -0.26911306020066833, 0.6587143178365227, 0.0, 0.4369358911252161, 0.0
-0.27117510136949213, 0.0, 0.9625300329845534, 0.0, 1.0, 0.0, -0.9625300329845534, 0.0, -0.27117510136949213, 0.6604676592635091, 0.0, 0.43592361370097266, 0.0
-0.2732400787726064, 0.0, 0.9619458713214271, 0.0, 1.0, 0.0, -0.9619458713214271, 0.0, -0.2732400787726064, 0.662222379581748, 0.0, 0.43490551820761364, 0.0
-0.27530790507496616, 0.0, 0.961356103326563, 0.0, 1.0, 0.0, -0.961356103326563, 0.0, -0.27530790507496616, 0.6639783978342564, 0.0, 0.4338816212985905, 0.0
-0.277378492990064, 0.0, 0.9607607254808873, 0.0, 1.0, 0.0, -0.9607607254808873, 0.0, -0.277378492990064, 0.665735633249745, 0.0, 0.43285194016901574, 0.0
-0.2794517552836299, 0.0, 0.9601597348717025, 0.0, 1.0, 0.0, -0.9601597348717025, 0.0, -0.2794517552836299, 0.667494005246616, 0.0, 0.43181649255717924, 0.0
-0.28152760477734934, 0.0, 0.9595531291952146, 0.0, 1.0, 0.0, -0.9595531291952146, 0.0, -0.28152760477734934, 0.6692534334369589, 0.0, 0.43077529674599263, 0.0
-0.2836059543526039, 0.0, 0.9589409067589872, 0.0, 1.0, 0.0, -0.9589409067589872, 0.0, -0.2836059543526039, 0.6710138376305512, 0.0, 0.42972837156436233, 0.0
-0.28568671695422826, 0.0, 0.9583230664843221, 0.0, 1.0, 0.0, -0.9583230664843221, 0.0, -0.28568671695422826, 0.6727751378388571, 0.0, 0.4286757363884916, 0.0
-0.28776980559428833, 0.0, 0.9576996079085682, 0.0, 1.0, 0.0, -0.9576996079085682, 0.0, -0.28776980559428833, 0.6745372542790261, 0.0, 0.4276174111431108, 0.0
-0.28985513335587354, 0.0, 0.9570705311873565, 0.0, 1.0, 0.0, -0.9570705311873565, 0.0, -0.28985513335587354, 0.6763001073778917, 0.0, 0.42655341630263766, 0.0
-0.2919426133969098, 0.0, 0.9564358370967613, 0.0, 1.0, 0.0, -0.9564358370967613, 0.0, -0.2919426133969098, 0.6780636177759674, 0.0, 0.42548377289226524, 0.0
-0.2940321589539847, 0.0, 0.9557955270353898, 0.0, 1.0, 0.0, -0.9557955270353898, 0.0, -0.2940321589539847, 0.6798277063314401, 0.0, 0.4244085024889806, 0.0
-0.29612368334619027, 0.0, 0.9551496030263977, 0.0, 1.0, 0.0, -0.9551496030263977, 0.0, -0.29612368334619027, 0.6815922941241614, 0.0, 0.4233276272225117, 0.0
-0.2982170999789793, 0.0, 0.954498067719431, 0.0, 1.0, 0.0, -0.954498067719431, 0.0, -0.2982170999789793, 0.6833573024596334, 0.0, 0.4222411697762049, 0.0
-0.30031232234803507, 0.0, 0.9538409243924951, 0.0, 1.0, 0.0, -0.9538409243924951, 0.0, -0.30031232234803507, 0.6851226528729903, 0.0, 0.421149153387831, 0.0
-0.3024092640431543, 0.0, 0.9531781769537517, 0.0, 1.0, 0.0, -0.9531781769537517, 0.0, -0.3024092640431543, 0.6868882671329757, 0.0, 0.4200516018503222, 0.0
-0.3045078387521416, 0.0, 0.9525098299432398, 0.0, 1.0, 0.0, -0.9525098299432398, 0.0, -0.3045078387521416, 0.688654067245912, 0.0, 0.41894853951243916, 0.0
-0.30660796026471476, 0.0, 0.9518358885345262, 0.0, 1.0, 0.0, -0.9518358885345262, 0.0, -0.30660796026471476, 0.6904199754596636, 0.0, 0.41783999127936705, 0.0
-0.3087095424764217, 0.0, 0.951156358536281, 0.0, 1.0, 0.0, -0.951156358536281, 0.0, -0.3087095424764217, 0.6921859142675922, 0.0, 0.41672598261324434, 0.0
-0.3108124993925654, 0.0, 0.9504712463937804, 0.0, 1.0, 0.0, -0.9504712463937804, 0.0, -0.3108124993925654, 0.6939518064125052, 0.0, 0.41560653953361937, 0.0
-0.3129167451321377, 0.0, 0.9497805591903368, 0.0, 1.0, 0.0, -0.9497805591903368, 0.0, -0.3129167451321377, 0.695717574890591, 0.0, 0.41448168861784124, 0.0
-0.315022193931762, 0.0, 0.9490843046486541, 0.0, 1.0, 0.0, -0.9490843046486541, 0.0, -0.315022193931762, 0.6974831429553491, 0.0, 0.4133514570013787, 0.0
-0.31712876014964186, 0.0, 0.9483824911321121, 0.0, 1.0, 0.0, -0.9483824911321121, 0.0, -0.31712876014964186, 0.699248434121506, 0.0, 0.41221587237807217, 0.0
-0.31923635826951563, 0.0, 0.9476751276459763, 0.0, 1.0, 0.0, -0.9476751276459763, 0.0, -0.31923635826951563, 0.7010133721689211, 0.0, 0.411074963000317, 0.0
-0.3213449029046173, 0.0, 0.9469622238385341, 0.0, 1.0, 0.0, -0.9469622238385341, 0.0, -0.3213449029046173, 0.7027778811464802, 0.0, 0.40992875767917875, 0.0
-0.3234543088016413, 0.0, 0.9462437900021603, 0.0, 1.0, 0.0, -0.9462437900021603, 0.0, -0.3234543088016413, 0.7045418853759757, 0.0, 0.40877728578444, 0.0
-0.3255644908447103, 0.0, 0.9455198370743072, 0.0, 1.0, 0.0, -0.9455198370743072, 0.0, -0.3255644908447103, 0.7063053094559729, 0.0, 0.40762057724458023, 0.0
-0.3276753640593468, 0.0, 0.9447903766384237, 0.0, 1.0, 0.0, -0.9447903766384237, 0.0, -0.3276753640593468, 0.7080680782656628, 0.0, 0.40645866254668767, 0.0
-0.3297868436164458, 0.0, 0.9440554209248002, 0.0, 1.0, 0.0, -0.9440554209248002, 0.0, -0.3297868436164458, 0.7098301169686979, 0.0, 0.4052915727363051, 0.0
-0.3318988448362492, 0.0, 0.9433149828113424, 0.0, 1.0, 0.0, -0.9433149828113424, 0.0, -0.3318988448362492, 0.711591351017014, 0.0, 0.40411933941720735, 0.0
-0.3340112831923195, 0.0, 0.9425690758242709, 0.0, 1.0, 0.0, -0.9425690758242709, 0.0, -0.3340112831923195, 0.7133517061546331, 0.0, 0.4029419947511138, 0.0
-0.33612407431551344, 0.0, 0.9418177141387494, 0.0, 1.0, 0.0, -0.9418177141387494, 0.0, -0.33612407431551344, 0.7151111084214499, 0.0, 0.4017595714573339, 0.0
-0.3382371339979537, 0.0, 0.941060912579441, 0.0, 1.0, 0.0, -0.941060912579441, 0.0, -0.3382371339979537, 0.7168694841570005, 0.0, 0.4005721028123472, 0.0
-0.34035037819699904, 0.0, 0.9402986866209904, 0.0, 1.0, 0.0, -0.9402986866209904, 0.0, -0.34035037819699904, 0.7186267600042104, 0.0, 0.3993796226493168, 0.0
-0.34246372303920947, 0.0, 0.9395310523884368, 0.0, 1.0, 0.0, -0.9395310523884368, 0.0, -0.34246372303920947, 0.7203828629131233, 0.0, 0.3981821653575398, 0.0
-0.3445770848243091, 0.0, 0.9387580266575518, 0.0, 1.0, 0.0, -0.9387580266575518, 0.0, -0.3445770848243091, 0.7221377201446104, 0.0, 0.3969797658818297, 0.0
-0.3466903800291426, 0.0, 0.9379796268551085, 0.0, 1.0, 0.0, -0.9379796268551085, 0.0, -0.3466903800291426, 0.7238912592740565, 0.0, 0.3957724597218375, 0.0
-0.3488035253116267, 0.0, 0.9371958710590766, 0.0, 1.0, 0.0, -0.9371958710590766, 0.0, -0.3488035253116267, 0.7256434081950253, 0.0, 0.39456028293130635, 0.0
-0.35091643751469365, 0.0, 0.9364067779987477, 0.0, 1.0, 0.0, -0.9364067779987477, 0.0, -0.35091643751469365, 0.7273940951229003, 0.0, 0.393343272117263, 0.0
-0.3530290336702288, 0.0, 0.9356123670547885, 0.0, 1.0, 0.0, -0.9356123670547885, 0.0, -0.3530290336702288, 0.7291432485985039, 0.0, 0.3921214644391462, 0.0
-0.35514123100299855, 0.0, 0.934812658259223, 0.0, 1.0, 0.0, -0.934812658259223, 0.0, -0.35514123100299855, 0.7308907974916914, 0.0, 0.3908948976078712, 0.0
-0.3572529469345682, 0.0, 0.9340076722953439, 0.0, 1.0, 0.0, -0.9340076722953439, 0.0, -0.3572529469345682, 0.7326366710049179, 0.0, 0.3896636098848328, 0.0
-0.35936409908721134, 0.0, 0.9331974304975539, 0.0, 1.0, 0.0, -0.9331974304975539, 0.0, -0.35936409908721134, 0.7343807986767832, 0.0, 0.38842764008084396, 0.0
-0.36147460528780695, 0.0, 0.9323819548511351, 0.0, 1.0, 0.0, -0.9323819548511351, 0.0, -0.36147460528780695, 0.7361231103855455, 0.0, 0.3871870275550148, 0.0
-0.3635843835717243, 0.0, 0.9315612679919497, 0.0, 1.0, 0.0, -0.9315612679919497, 0.0, -0.3635843835717243, 0.7378635363526107, 0.0, 0.3859418122135684, 0.0
-0.36569335218669574, 0.0, 0.9307353932060697, 0.0, 1.0, 0.0, -0.9307353932060697, 0.0, -0.36569335218669574, 0.7396020071459938, 0.0, 0.3846920345085962, 0.0
-0.3678014295966747, 0.0, 0.929904354429337, 0.0, 1.0, 0.0, -0.929904354429337, 0.0, -0.3678014295966747, 0.7413384536837482, 0.0, 0.38343773543675264, 0.0
-0.36990853448568106, 0.0, 0.9290681762468541, 0.0, 1.0, 0.0, -0.9290681762468541, 0.0, -0.36990853448568106, 0.7430728072373688, 0.0, 0.3821789565378887, 0.0
-0.3720145857616274, 0.0, 0.9282268838924052, 0.0, 1.0, 0.0, -0.9282268838924052, 0.0, -0.3720145857616274, 0.7448049994351624, 0.0, 0.3809157398936276, 0.0
-0.3741195025601331, 0.0, 0.9273805032478084, 0.0, 1.0, 0.0, -0.9273805032478084, 0.0, -0.3741195025601331, 0.7465349622655884, 0.0, 0.3796481281258782, 0.0
-0.37622320424831796, 0.0, 0.9265290608421995, 0.0, 1.0, 0.0, -0.9265290608421995, 0.0, -0.37622320424831796, 0.7482626280805662, 0.0, 0.3783761643952922, 0.0
-0.3783256104285799, 0.0, 0.9256725838512462, 0.0, 1.0, 0.0, -0.9256725838512462, 0.0, -0.3783256104285799, 0.7499879295987514, 0.0, 0.3770998923996603, 0.0
-0.3804266409423513, 0.0, 0.9248111000962949, 0.0, 1.0, 0.0, -0.9248111000962949, 0.0, -0.3804266409423513, 0.7517107999087775, 0.0, 0.3758193563722527, 0.0
-0.38252621587383795, 0.0, 0.9239446380434501, 0.0, 1.0, 0.0, -0.9239446380434501, 0.0, -0.38252621587383795, 0.7534311724724643, 0.0, 0.3745346010801005, 0.0
-0.38462425555373575, 0.0, 0.9230732268025839, 0.0, 1.0, 0.0, -0.9230732268025839, 0.0, -0.38462425555373575, 0.7551489811279907, 0.0, 0.37324567182221957, 0.0
-0.38672068056292663, 0.0, 0.922196896126281, 0.0, 1.0, 0.0, -0.922196896126281, 0.0, -0.38672068056292663, 0.7568641600930328, 0.0, 0.3719526144277794, 0.0
-0.38881541173615075, 0.0, 0.9213156764087147, 0.0, 1.0, 0.0, -0.9213156764087147, 0.0, -0.38881541173615075, 0.7585766439678658, 0.0, 0.3706554752542149, 0.0
-0.39090837016565744, 0.0, 0.9204295986844563, 0.0, 1.0, 0.0, -0.9204295986844563, 0.0, -0.39090837016565744, 0.7602863677384273, 0.0, 0.36935430118528134, 0.0
-0.3929994772048301, 0.0, 0.9195386946272192, 0.0, 1.0, 0.0, -0.9195386946272192, 0.0, -0.3929994772048301, 0.7619932667793452, 0.0, 0.3680491396290567, 0.0
-0.39508865447178687, 0.0, 0.9186429965485355, 0.0, 1.0, 0.0, -0.9186429965485355, 0.0, -0.39508865447178687, 0.7636972768569261, 0.0, 0.3667400385158873, 0.0
-0.39717582385295563, 0.0, 0.9177425373963691, 0.0, 1.0, 0.0, -0.9177425373963691, 0.0, -0.39717582385295563, 0.7653983341321046, 0.0, 0.3654270462962798, 0.0
-0.39926090750662174, 0.0, 0.9168373507536594, 0.0, 1.0, 0.0, -0.9168373507536594, 0.0, -0.39926090750662174, 0.7670963751633519, 0.0, 0.36411021193873966, 0.0
