-0.02528752810002143, -0.499999999481858, 0.8656561334853076, -0.014599761135514932, 0.8660254040835881, 0.4997868010028315, -0.9995736030415051, 0.0, -0.02919952230128886, 0.28754720169937903, 0.323750480915664, 0.526456503512632, 0.0
-0.025296497584823614, -0.4999948083632032, 0.8656588697748002, -0.014601989446297372, 0.8660284011533195, 0.49978154257638924, -0.9995733435392077, 2.3809041776707728E-6, -0.02920840427308659, 0.28755806938975575, 0.323749376730651, 0.5264545982780784, 0.0
-0.025323358108078665, -0.49997926255181036, 0.865667063340334, -0.014608662129295003, 0.8660373761724706, 0.4997657952112118, -0.9995725659125113, 9.510557504253922E-6, -0.029235002730069782, 0.2875906141651644, 0.3237460696675243, 0.5264488922077816, 0.0
-0.025368037871114704, -0.4999534030171921, 0.8656806902467554, -0.01461976032755798, 0.8660523046299797, 0.4997396004451373, -0.9995712707268725, 2.136889818541434E-5, -0.029279246589277858, 0.287644748372832, 0.32374056734540907, 0.5264393989176548, 0.0
-0.025430465204419387, -0.4999172702708307, 0.8656997252653186, -0.014635264547141213, 0.8660731617166524, 0.499702999376386, -0.9995694575521613, 3.793524053982697E-5, -0.029341064905615104, 0.28772038408387696, 0.3237328765673285, 0.5264261309234934, 0.0
-0.025510568565567607, -0.499870904372585, 0.8657241418911659, -0.014655154665680516, 0.8660999223291047, 0.49965603266971953, -0.9995671249762, 5.918828339180612E-5, -0.029420386869663223, 0.28781743309669316, 0.32372300333126813, 0.5264090996560329, 0.0
-0.02560827653703664, -0.49981434493714166, 0.8657539123607, -0.01467940994090473, 0.8661325610736526, 0.4995987405626462, -0.9995642706182476, 8.51061183986139E-5, -0.02951714180538294, 0.2879358069401803, 0.32371095284118684, 0.5263883154759877, 0.0
-0.025723517823912533, -0.49974763114050863, 0.8657890076688505, -0.014708009019083599, 0.8661710522701457, 0.4995311628716702, -0.9995608911424343, 1.1566623831225426E-4, -0.029631259167708434, 0.28807541687682525, 0.32369672951797396, 0.5263637876890717, 0.0
-0.025856221251491087, -0.49967080172654843, 0.8658293975862349, -0.014740929943412884, 0.866215369955746, 0.499453338998583, -0.9995569822711446, 1.5084554517731416E-4, -0.029762668540037958, 0.2882361739056375, 0.3236803370103531, 0.5263355245609942, 0.0
-0.026006315762776837, -0.49958389501354894, 0.8658750506762151, -0.014778150162337564, 0.8662654878886555, 0.49936530793679407, -0.9995525387983496, 1.9062035846576574E-4, -0.029911299631624026, 0.2884179887649434, 0.32366177820573294, 0.5263035333324363, 0.0
-0.026173730415883386, -0.4994869489008317, 0.8659259343118526, -0.014819646537814313, 0.8663213795517908, 0.49926710827769966, -0.9995475546028868, 2.349664231499275E-4, -0.030077082274866395, 0.28862077193504315, 0.32364105524100584, 0.5262678202340035, 0.0
-0.026358394381338666, -0.49938000087539247, 0.8659820146927596, -0.014865395353513064, 0.8663830181564087, 0.4991587782170878, -0.9995420226616896, 2.838589177135464E-4, -0.030259946422511518, 0.28884443364073403, 0.3236181695132933, 0.526228390501152, 0.0
-0.026560236939298154, -0.49926308801857616, 0.866043256861852, -0.014915372322960235, 0.8664503766456806, 0.4990403555615775, -0.9995359350629651, 3.3727246210350304E-4, -0.03045982214476133, 0.28908888385370407, 0.3235931216906403, 0.5261852483890912, 0.0
-0.026779187476669485, -0.49913624701278075, 0.8661096247220013, -0.014969552597622986, 0.8665234276982212, 0.4989118777350893, -0.9995292830193202, 3.9518112562169017E-4, -0.030676639626294872, 0.28935403229480017, 0.32356591172265753, 0.5261383971876595, 0.0
-0.027015175484151718, -0.49899951414819055, 0.8661810810525881, -0.015027910774936292, 0.8666021437315675, 0.49877338178534747, -0.999522056880838, 4.575584347588097E-4, -0.03091032916320593, 0.2896397884361739, 0.32353653885111255, 0.5260878392361719, 0.0
-0.02726813055319227, -0.4988529253295364, 0.866257587525961, -0.015090420906273529, 0.8666864969056148, 0.49862490439040963, -0.9995142461481005, 5.24377380970894E-4, -0.031160821159859707, 0.28994606150330937, 0.3235050016204703, 0.5260335759382392, 0.0
-0.027537982372864984, -0.4986965160828804, 0.8663391047237965, -0.01515705650486116, 0.866776459126005, 0.49846648186522374, -0.9995058394851629, 5.95610428399152E-4, -0.03142804612567186, 0.29027276047693656, 0.3234712978883826, 0.5259756077765588, 0.0
-0.0278246607266721, -0.498530321562425, 0.8664255921533659, -0.015227790553638957, 0.8668720020474733, 0.49829815016820994, -0.9994968247324751, 6.712295215346565E-4, -0.03171193467181283, 0.290619794094834, 0.3234354248361281, 0.5259139343276741, 0.0
-0.028128095489273475, -0.49835437655734266, 0.8665170082637089, -0.01530259551306616, 0.8669730970771518, 0.49811994490786565, -0.9994871889197529, 7.512060928283111E-4, -0.03201241750784056, 0.29098707085352404, 0.3233973789790022, 0.5258485542767032, 0.0
-0.02844821662314603, -0.4981687154986265, 0.8666133104617141, -0.015381443328874632, 0.8670797153778307, 0.4979319013493919, -0.9994769182787981, 8.355110702472027E-4, -0.03232942543826472, 0.29137449900986473, 0.3233571561766578, 0.5257794654320359, 0.0
-0.028784954175176382, -0.49797337246595824, 0.866714455128108, -0.01546430543976984, 0.8671918278711809, 0.4977340544213402, -0.999465998256268, 9.241148847782404E-4, -0.03266288935904524, 0.2917819865825419, 0.32331475164339635, 0.5257066647399965, 0.0
-0.029138238273189614, -0.4977683811945934, 0.8668203976333557, -0.015551152785080864, 0.8673094052409346, 0.4975264387222766, -0.9994544135263947, 0.0010169874778802755, -0.03301274025402823, 0.29220944135346455, 0.32327015995841174, 0.525630148299475, 0.0
-0.029507999122417305, -0.49755377508226156, 0.8669310923534705, -0.01564195581235953, 0.8674324179360307, 0.4973090885274627, -0.9994421480036528, 0.0011140983088849437, -0.03337890919132212, 0.2926567708690676, 0.32322337507598453, 0.5255499113765214, 0.0
-0.02989416700190748, -0.4973295871960799, 0.8670464926857376, -0.015736684484930354, 0.8675608361737193, 0.49708203779555227, -0.9994291848553772, 0.0012154163623478444, -0.033761327319617014, 0.29312388244152454, 0.3231743903356291, 0.5254659484189068, 0.0
-0.030296672260879506, -0.4970958502794781, 0.8671665510643498, -0.01583530828939151, 0.8676946299426339, 0.4968453201752993, -0.999415506514331, 0.0013209101553504287, -0.03415992586444984, 0.29361068314987476, 0.32312319847219334, 0.5253782530706467, 0.0
-0.030715445315026638, -0.4968525967591342, 0.8672912189759591, -0.015937796243068365, 0.8678337690058248, 0.49659896901227985, -0.9994010946912226, 0.0014305477447540888, -0.03457463612441835, 0.2941170798410676, 0.32306979162591115, 0.5252868181864884, 0.0
-0.03115041664276924, -0.4965998587519191, 0.8674204469751424, -0.016044116901419322, 0.8679782229037604, 0.4963430173556222, -0.999385930387173, 0.0015442967344063234, -0.035005389467346666, 0.2946429791309271, 0.3230141613524083, 0.5251916358463604, 0.0
-0.03160151678146111, -0.4963376680718479, 0.8675541846997865, -0.016154238365396048, 0.8681279609572947, 0.4960774979647471, -0.9993699939061333, 0.001662124282301032, -0.03545211732640501, 0.29518828740504055, 0.3229562986326619, 0.5250926973697837, 0.0
-0.03206867632355189, -0.4960660562370373, 0.8676923808863876, -0.016268128288758038, 0.8682829522706019, 0.4958024433161138, -0.999353264867252, 0.001783997107692936, -0.03591475119618638, 0.2957529108195747, 0.3228961938829144, 0.5249899933302438, 0.0
-0.03255182591270814, -0.49578505447666693, 0.8678349833852731, -0.016385753885342736, 0.8684431657340804, 0.4955178856099723, -0.9993357222171924, 0.001909881498167493, -0.03639322262874282, 0.29633675530202136, 0.3228338369645416, 0.524883513569523, 0.0
-0.033050896239895815, -0.495494693737944, 0.8679819391757415, -0.016507081936291513, 0.8686085700272265, 0.4952238567771199, -0.9993173442424024, 0.00203974331666646, -0.03688746322958405, 0.2969397265518772, 0.3227692171938756, 0.5247732472119918, 0.0
-0.033565818039426584, -0.4951950046930689, 0.8681331943811248, -0.016632078797233364, 0.8687791336214784, 0.4949203884856596, -0.9992981085813315, 0.0021735480084712116, -0.03739740465364068, 0.2975617300412601, 0.32270232335198346, 0.5246591826788602, 0.0
-0.03409652208497081, -0.49488601774620056, 0.8682886942837713, -0.016760710405425698, 0.8689548247830313, 0.4946075121477604, -0.999277992236602, 0.0023112606081430813, -0.037922978601195, 0.29820267101546455, 0.3226331436944009, 0.5245413077023863, 0.0
-0.03464293918553957, -0.4945677630404213, 0.8684483833399544, -0.016892942286854205, 0.8691356115756262, 0.4942852589264169, -0.9992569715871288, 0.0024528457464228094, -0.03846411681378159, 0.29886245449346094, 0.3225616659608222, 0.5244196093400418, 0.0
-0.035205000181438274, -0.49424027046469776, 0.8686122051947045, -0.017028739563291897, 0.8693214618633113, 0.493953659742208, -0.999235022400191, 0.0025982676570892537, -0.03902075107006034, 0.2995409852683396, 0.3224878773847469, 0.5242940739886369, 0.0
-0.03578263594019452, -0.4939035696608381, 0.8687801026965645, -0.0171680669593181, 0.8695123433131767, 0.49361274528005117, -0.9992121198434553, 0.0027474901837781377, -0.03959281318166434, 0.3002381679077039, 0.32241176470308225, 0.5241646873983979, 0.0
-0.036375777352462314, -0.4935576900304442, 0.8689520179122758, -0.017310888809298815, 0.8697082233980667, 0.493262545995954, -0.9991882384969492, 0.0029004767867623063, -0.04018023498902501, 0.3009539067540152, 0.3223333141657041, 0.5240314346870035, 0.0
-0.03698435532790542, -0.4932026607418559, 0.8691278921413885, -0.017457169064328044, 0.8699090693992658, 0.4929030921237589, -0.9991633523649868, 0.003057190549693145, -0.04078294835717698, 0.30168810592489204, 0.3222525115449737, 0.523894300353574, 0.0
-0.037608300791062, -0.4928385107370883, 0.8693076659308016, -0.017606871299131993, 0.8701148484091632, 0.49253441368188133, -0.9991374348880462, 0.0032175941863051053, -0.04140088517154492, 0.30244066931336705, 0.32216934214521376, 0.5237532682926161, 0.0
-0.03824754467719297, -0.49246526873875884, 0.8694912790892317, -0.01775995871893614, 0.8703255273338943, 0.49215654048003926, -0.9991104589545982, 0.0033816500470833103, -0.04203397733371479, 0.30321150058810387, 0.32208379081214167, 0.5236083218079213, 0.0
-0.038902017928116484, -0.49208296325700396, 0.8696786707016141, -0.01791639416629591, 0.8705410728959605, 0.4917695021259735, -0.9990823969128864, 0.003549320125895121, -0.042682156757191815, 0.30400050319357697, 0.32199584194226166, 0.5234594436264163, 0.0
-0.0395716514880306, -0.491691622596384, 0.8698697791434331, -0.018076140127892257, 0.8707614516368299, 0.4913733280321568, -0.9990532205826608, 0.003720566066586908, -0.04334535536314719, 0.30480758035021743, 0.3219054794922159, 0.523306615911968, 0.0
-0.04025637629932673, -0.4912912748627745, 0.8700645420949855, -0.018239158741291752, 0.8709866299195167, 0.49096804742249045, -0.9990229012668612, 0.0038953491695457023, -0.044023505076156225, 0.3056326350545272, 0.32181268698809395, 0.5231498202791385, 0.0
-0.040956123298395666, -0.4908819479702435, 0.8702628965555786, -0.01840541180167341, 0.8712165739311426, 0.49055368933898863, -0.998991409763256, 0.004073630398228008, -0.04471653781992965, 0.30647557007916393, 0.32171744753470316, 0.5229890378068933, 0.0
-0.04167082341142891, -0.490463669647913, 0.8704647788576609, -0.018574860768521113, 0.8714512496854794, 0.49013028264844677, -0.9989587163760291, 0.004255370385654616, -0.045424385513040566, 0.3073362879730003, 0.3216197438247974, 0.5228242490522588, 0.0
-0.0424004075502169, -0.4900364674468041, 0.8706701246808879, -0.01874746677228393, 0.8716906230254757, 0.48969785604909494, -0.9989247909273238, 0.004440529440873855, -0.046146980064649, 0.30821469106115895, 0.32151955814826705, 0.5226554340639313, 0.0
-0.043144806607946784, -0.4896003687466636, 0.8708788690661257, -0.01892319062100381, 0.8719346596257651, 0.4892564380772342, -0.9988896027687364, 0.004629067555392639, -0.046884253370226406, 0.30911068144502674, 0.3214168724012885, 0.5224825723958355, 0.0
-0.043903951455001436, -0.48915540076277153, 0.8710909464293893, -0.019101992806912053, 0.8721833249951596, 0.48880605711385416, -0.9988531207927627, 0.004820944409576935, -0.04763613730728186, 0.31002416100224994, 0.3213116680954353, 0.5223056431206315, 0.0
-0.04467777293476209, -0.4887015905527293, 0.8713062905757207, -0.01928383351299453, 0.8724365844791288, 0.48834674139123235, -0.9988153134441987, 0.0050161193790214335, -0.04840256373109234, 0.3109550313867137, 0.3212039263667496, 0.5221246248431712, 0.0
-0.04546620185941642, -0.4882389650232257, 0.8715248347130035, -0.01946867261952698, 0.8726944032622627, 0.4878785189995116, -0.9987761487314925, 0.005214551540890059, -0.04918346447043886, 0.3119031940285073, 0.3210936279847753, 0.521939495713903, 0.0
-0.04626916900577423, -0.48776755093678037, 0.8717465114657187, -0.019656469710580382, 0.8729567463707233, 0.4874014178932574, -0.9987355942380505, 0.005416199680227061, -0.04997877132335059, 0.31286855013387854, 0.3209807533615528, 0.5217502334422232, 0.0
-0.04708660511109261, -0.4872873749184644, 0.8719712528886397, -0.019847184080497196, 0.8732235786746811, 0.48691546589799106, -0.9986936171334965, 0.005621022296239736, -0.05078841605285885, 0.31385100068517874, 0.32086528256057534, 0.5215568153097753, 0.0
-0.04791844086891265, -0.4867984634625957, 0.8721989904804686, -0.02004077474033926, 0.8734948648907416, 0.4864206907167006, -0.9986501841848823, 0.00582897760855347, -0.051612330382763, 0.31485044644080135, 0.3207471953057081, 0.5213592181836953, 0.0
-0.0487646069249095, -0.4863008429394091, 0.8724296551974143, -0.020237200424307544, 0.873770569584358, 0.48591711993632525, -0.9986052617678546, 0.006040023563439384, -0.052450445993410026, 0.3158667879351159, 0.3206264709900687, 0.5211574185298035, 0.0
-0.04962503387275769, -0.48579453960169944, 0.8726631774667134, -0.02043641959613471, 0.8740506571722352, 0.4854047810342154, -0.9985588158777721, 0.006254117840015584, -0.05330269451748969, 0.31689992547840024, 0.3205030886848716, 0.5209513924257412, 0.0
-0.05049965225001378, -0.485279579591437, 0.8728994872000932, -0.02063839045545049, 0.8743350919247225, 0.4848837013845645, -0.9985108121407779, 0.006471217856421976, -0.054169007535847254, 0.3179497591567722, 0.3203770271482341, 0.5207411155740527, 0.0
-0.05138839253401775, -0.48475598894635447, 0.8731385138071804, -0.0208430709441213, 0.8746238379681972, 0.48435390826481345, -0.9984612158248252, 0.006691280775970199, -0.05504931657331538, 0.31901618883212446, 0.3202482648339468, 0.520526563315212, 0.0
-0.052291185137815485, -0.4842237936065031, 0.8733801862088522, -0.02105041875256325, 0.8749168592874387, 0.4838154288620257, -0.9984099918506547, 0.006914263513267758, -0.05594355309456717, 0.32009911414206266, 0.320116779900206, 0.5203077106405927, 0.0
-0.053207960406103566, -0.4836830194207796, 0.8736244328505357, -0.02126039132603077, 0.875214119727996, 0.48326829027923307, -0.9983571048027287, 0.007140122740318733, -0.0568516484999919, 0.3211984344998512, 0.31998255021831107, 0.5200845322053823, 0.0
-0.05413864861119862, -0.4831336921534202, 0.8738711817154502, -0.021472945870879567, 0.8755155829985454, 0.48271251954174904, -0.9983025189401153, 0.007368814892599659, -0.05777353412159553, 0.32231404909436634, 0.3198455533813244, 0.5198570023414382, 0.0
-0.05508317994903256, -0.4825758374904621, 0.8741203603377978, -0.021688039360805985, 0.8758212126732428, 0.48214814360345154, -0.9982461982073293, 0.007600296175112812, -0.058709141218927216, 0.32344585689006117, 0.31970576671269624, 0.5196250950700874, 0.0
-0.056041484535175656, -0.4820094810461719, 0.8743718958159016, -0.021905628543062036, 0.8761309721940693, 0.4815751893530317, -0.998188106245124, 0.007834522568416099, -0.0596584009750339, 0.32459375662694206, 0.31956316727485307, 0.519388784114867, 0.0
-0.05701349240088899, -0.4814346483694383, 0.8746257148252897, -0.02212566994464727, 0.8764448248731704, 0.48099368362020944, -0.9981282064012389, 0.008071449834630822, -0.06062124449244448, 0.32575764682056024, 0.3194177318777507, 0.519148042914207, 0.0
-0.05799913348920789, -0.48085136495013064, 0.8748817436317308, -0.022348119878477683, 0.8767627338951904, 0.4804036531819137, -0.9980664617410998, 0.008311033523427495, -0.061597602789185135, 0.3269374257620198, 0.3192694370873918, 0.518902844634053, 0.0
-0.05899833765105824, -0.48025965622541994, 0.8751399081042146, -0.02257293444953189, 0.8770846623196027, 0.47980512476842674, -0.9980028350584725, 0.008553228977989942, -0.06258740679482745, 0.32813299151800374, 0.319118259234308, 0.5186531621804302, 0.0
-0.06001103464140666, -0.47965954758606316, 0.8754001337278863, -0.02280006956097584, 0.8774105730830338, 0.47919812506949255, -0.9979372888860715, 0.00879799134095911, -0.06359058734657083, 0.3293442419308207, 0.3189641744220071, 0.518398968211947, 0.0
-0.06103715411544684, -0.47905106438264883, 0.875662345616927, -0.02302948092026489, 0.8777404290015862, 0.4785826807403864, -0.9978697855061202, 0.009045275560355255, -0.06460707518536103, 0.33057107461847285, 0.31880715853538505, 0.5181402351522372, 0.0
-0.062076625624822884, -0.4784342319318039, 0.8759264685273875, -0.023261124045225533, 0.8780741927731571, 0.47795881840794724, -0.9978002869608668, 0.009295036395480948, -0.06563680095204573, 0.3318133869747486, 0.31864718724910307, 0.5178769352023426, 0.0
-0.0631293786138917, -0.47780907552236085, 0.8761924268699717, -0.023494954270115623, 0.8784118269797542, 0.4773265646765697, -0.9977287550630527, 0.009547228422803776, -0.06667969518356934, 0.33307107616934, 0.31848423603593023, 0.5176090403530322, 0.0
-0.06419534241602552, -0.47717562042148326, 0.8764601447227717, -0.023730926751664435, 0.8787532940898095, 0.47668594613415655, -0.9976551514063344, 0.009801806041819974, -0.06773568830920794, 0.3343440391479879, 0.31831828017505126, 0.5173365223970614, 0.0
-0.06527444624995618, -0.47653389188075024, 0.8767295458439547, -0.02396899647509211, 0.8790985564604917, 0.47603698935802957, -0.99757943737566, 0.010058723480898762, -0.06880471064684608, 0.3356321726326553, 0.31814929476033965, 0.5170593529413657, 0.0
-0.06636661921616262, -0.4758839151421988, 0.877000553684403, -0.024209118260109946, 0.8794475763400177, 0.47537972092079883, -0.9975015741575973, 0.010317934803108652, -0.06988669239929668, 0.3369353731217326, 0.31797725470859695, 0.5167775034191944, 0.0
-0.0674717902933027, -0.4752257154443217, 0.8772730914003057, -0.024451246766900553, 0.8798003158699631, 0.47471416739618943, -0.9974215227506175, 0.010579393912024934, -0.07098156365066559, 0.33825353689027304, 0.31780213476775704, 0.5164909451021783, 0.0
-0.06858988833469126, -0.4745593180280228, 0.8775470818657038, -0.02469533650207907, 0.8801567370875716, 0.4740403553648239, -0.9973392439753304, 0.010843054557519506, -0.07208925436276194, 0.33958655999026377, 0.3176239095250566, 0.5161996491123343, 0.0
-0.06972084206482501, -0.4738847481425264, 0.8778224476849895, -0.024941341824635935, 0.8805168019280663, 0.47335831141996154, -0.9972546984846743, 0.011108870341533524, -0.07320969437155576, 0.34093433825093084, 0.31744255341517147, 0.5159035864340055, 0.0
-0.0708645800759563, -0.4732020310512409, 0.8780991112053576, -0.025189216951860147, 0.8808804722269602, 0.47266806217319135, -0.9971678467740576, 0.011376794723831919, -0.07434281338368418, 0.3422967672790814, 0.3172580407283184, 0.5156027279257351, 0.0
-0.07202103082471648, -0.47251119203757735, 0.8783769945292129, -0.02543891596524534, 0.8812477097223683, 0.4719696342600799, -0.9970786491914558, 0.011646781027742002, -0.0754885409730073, 0.3436737424594844, 0.3170703456183235, 0.5152970443320765, 0.0
-0.07319012262879046, -0.4718122564107191, 0.8786560195265315, -0.025690392816376986, 0.8816184760573214, 0.4712630543457724, -0.9969870659474589, 0.011918782445874658, -0.07664680657721526, 0.3450651589552901, 0.3168794421106559, 0.5149865062953348, 0.0
-0.07437178366364364, -0.471105249511345, 0.8789361078471754, -0.02594360133280231, 0.8819927327820805, 0.4705483491305461, -0.9968930571252729, 0.012192752045829562, -0.07781753949448743, 0.3464709117084916, 0.31668530411042817, 0.5146710843672445, 0.0
-0.07556594195930212, -0.4703901967173032, 0.8792171809331641, -0.0261984952238826, 0.8823704413564544, 0.4698255453553159, -0.996796582690675, 0.012468642775884248, -0.0790006688802051, 0.34789089544042795, 0.31648790541036226, 0.5143507490205773, 0.0
-0.07677252539718801, -0.46966712344923567, 0.8794991600309, -0.026455028086628085, 0.8827515631521204, 0.46909466980709075, -0.9966976025019192, 0.012746407470667166, -0.08019612374371891, 0.34932500465233146, 0.31628721969872187, 0.5140254706606842, 0.0
-0.07799146170701002, -0.46893605517615294, 0.8797819662033498, -0.026713153411515873, 0.8831360594549462, 0.4683557493243811, -0.9965960763195973, 0.013025998856815274, -0.08140383294517181, 0.35077313362591955, 0.3160832205672104, 0.5136952196369678, 0.0
-0.0792226784637117, -0.4681970174209582, 0.8800655203421813, -0.026972824588291318, 0.8835238914673159, 0.4676088108025552, -0.9964919638164498, 0.013307369558616479, -0.08262372519237914, 0.3522351764240338, 0.3158758815188357, 0.5133599662542888, 0.0
-0.08046610308447719, -0.46745003576591926, 0.8803497431798565, -0.027233994911752026, 0.8839150203104601, 0.46685388119914517, -0.9963852245871297, 0.013590472103636283, -0.08385572903776656, 0.35371102689132494, 0.31566517597574045, 0.513019680784299, 0.0
-0.08172166282579649, -0.4666951358580893, 0.8806345553016792, -0.0274966175875162, 0.8843094070267892, 0.4660909875391011, -0.9962758181579199, 0.013875258928330253, -0.08509977287536709, 0.35520057865498844, 0.31545107728699834, 0.5126743334767088, 0.0
-0.08298928478059081, -0.4659323434146744, 0.8809198771578013, -0.027760645737774193, 0.8847070125822304, 0.4653201569199931, -0.9961637039964002, 0.014161682383641178, -0.08635578493787818, 0.35670372512554815, 0.3152335587363768, 0.5123238945704816, 0.0
-0.08426889587539908, -0.4651616842283478, 0.8812056290751824, -0.02802603240702404, 0.8851077978685709, 0.46454141651716, -0.9960488415210679, 0.01444969474058187, -0.08762369329377992, 0.3582203594976924, 0.31501259355006556, 0.5119683343049594, 0.0
-0.08556042286762697, -0.4643831841725098, 0.8814917312695075, -0.028292730567790955, 0.8855117237058034, 0.4637547935888049, -0.9959311901109087, 0.014739248195803412, -0.08890342584451548, 0.3597503747511609, 0.31478815490437057, 0.5116076229309158, 0.0
-0.08686379234285871, -0.46359686920649357, 0.8817781038570611, -0.02856069312633116, 0.8859187508444797, 0.46296031548103583, -0.9958107091149201, 0.015030294877149351, -0.09019491032173421, 0.36129366365168586, 0.3145602159333748, 0.5112417307215386, 0.0
-0.08817893071223354, -0.46280276538071524, 0.8820646668665567, -0.02882987292831974, 0.8863288399680657, 0.46215800963285286, -0.9956873578615849, 0.015322786849195549, -0.09149807428459937, 0.36285011875198664, 0.3143287497365638, 0.5108706279833386, 0.0
-0.08950576420988679, -0.4620008988417683, 0.8823513402509243, -0.02910022276452305, 0.8867419516953055, 0.4613479035810781, -0.9955610956682965, 0.015616676118776181, -0.09281284511716015, 0.3644196323928196, 0.3140937293864178, 0.5104942850669876, 0.0
-0.09084421889045731, -0.46119129583746143, 0.8826380438990525, -0.029371695376455446, 0.8871580465825899, 0.46053002496523066, -0.9954318818507348, 0.015911914640495715, -0.09413915002578996, 0.36600209670408423, 0.31385512793596887, 0.5101126723780811, 0.0
-0.09219422062666177, -0.46037398272179936, 0.8829246976474896, -0.02964424346202078, 0.8875770851263302, 0.45970440153234526, -0.9952996757321921, 0.016208454322227325, -0.09547691603669138, 0.3675974036059867, 0.31361291842632394, 0.5097257603878291, 0.0
-0.09355569510693626, -0.45954898595990584, 0.8832112212920985, -0.029917819681138248, 0.887999027765339, 0.45887106114173254, -0.9951644366528503, 0.016506247030597308, -0.09682606999346827, 0.3692054448102602, 0.31336707389415314, 0.5093335196436711, 0.0
-0.0949285678331469, -0.4587163321328888, 0.883497534599671, -0.030192376661353403, 0.8884238348832175, 0.45803003176968254, -0.9950261239790071, 0.016805244596456378, -0.09818653855476667, 0.37082611182144554, 0.31311756737914354, 0.508935920779818, 0.0
-0.09631276411836957, -0.45787604794264686, 0.8837835573194955, -0.030467867003433215, 0.888851466810749, 0.45718134151410966, -0.9948846971122535, 0.017105398820336716, -0.09955824819198464, 0.3724592959382303, 0.3128643719314179, 0.5085329345277164, 0.0
-0.0977082090847399, -0.45702816021661574, 0.8840692091948843, -0.03074424328694667, 0.8892818838282994, 0.4563250185991381, -0.9947401154985988, 0.0174066614778963, -0.10094112518705216, 0.37410488825484917, 0.3126074606189187, 0.50812453172644, 0.0
-0.09911482766137385, -0.4561726959124559, 0.8843544099746539, -0.031021458075829775, 0.8897150461682249, 0.4554610913796292, -0.9945923386375473, 0.017708984325349317, -0.10233509563028136, 0.375762779662545, 0.3123468065347571, 0.5077106833330023, 0.0
-0.10053254458236033, -0.455309682122679, 0.8846390794245644, -0.03129946392393532, 0.8901509140172856, 0.4545895883456477, -0.9944413260911223, 0.01801231910488317, -0.1037400854182888, 0.37743286085109207, 0.3120823828045265, 0.507291360432593, 0.0
-0.1019612843848258, -0.45443914607921443, 0.8849231373387132, -0.031578213380567904, 0.8905894475190684, 0.45371053812686796, -0.9942870374928399, 0.018316617550062475, -0.10515602025198907, 0.37911502231038213, 0.31181416259358097, 0.5068665342487387, 0.0
-0.10340097140707183, -0.45356111515791336, 0.8852065035508855, -0.03185765899600332, 0.8910306067764155, 0.4528239694969197, -0.9941294325566306, 0.0186218313912192, -0.1065828256346618, 0.3808091543320735, 0.3115421191142779, 0.5064361761533832, 0.0
-0.1048515297867868, -0.45267561688299246, 0.8854890979458601, -0.03213775332699333, 0.8914743518538618, 0.4519299113776719, -0.9939684710857098, 0.018927912360830017, -0.10802042687009178, 0.3825151470113047, 0.3112662256331855, 0.5060002576768918, 0.0
-0.10631288345933103, -0.451782678931414, 0.8857708404706703, -0.032418448942254416, 0.8919206427800788, 0.45102839284345464, -0.9938041129813969, 0.019234812198879393, -0.10946874906078309, 0.3842328902484716, 0.31098645547825327, 0.505558750517975, 0.0
-0.10778495615609775, -0.4508823291372038, 0.8860516511458226, -0.032699698427942236, 0.8923694395503265, 0.4501194431252195, -0.9936363182518791, 0.019542482658210292, -0.11092771710624819, 0.38596227375107156, 0.3107027820459478, 0.505111626553534, 0.0
-0.10926767140294864, -0.44997459549570606, 0.8863314500764672, -0.032981454393110066, 0.8928207021289144, 0.4492030916146365, -0.9934650470209269, 0.019850875509860626, -0.11239725570137188, 0.3877031870356112, 0.31041517880835157, 0.5046588578484256, 0.0
-0.11076095251872636, -0.44905950616777507, 0.8866101574635261, -0.03326366947515243, 0.8932743904516685, 0.4482793678681275, -0.9932902595365526, 0.020159942548386774, -0.11387728933485151, 0.38945551942958245, 0.31012361932022514, 0.5042004166651474, 0.0
-0.11226472261384254, -0.44813708948390113, 0.886887693614775, -0.033546296345232755, 0.8937304644284076, 0.4473483016108375, -0.993111916179619, 0.020469635597173037, -0.11536774228771285, 0.391219160073504, 0.30982807722603317, 0.5037362754734414, 0.0
-0.11377890458894399, -0.44720737394827403, 0.8871639789558797, -0.03382928771369604, 0.8941888839454276, 0.4464099227405397, -0.9929299774723915, 0.02077990651372786, -0.11686853863190373, 0.39299399792303036, 0.30952852626693306, 0.5032664069598166, 0.0
-0.11530342113365563, -0.44627038824278076, 0.8874389340413867, -0.03411259633546585, 0.8946496088679936, 0.44546426133147826, -0.9927444040870381, 0.021090707194966373, -0.11837960222896415, 0.3947799217511292, 0.3092249402877271, 0.5027907840369902, 0.0
-0.1168381947254018, -0.4453261612309377, 0.8877124795656676, -0.03439617501542509, 0.8951125990428402, 0.44451134763814504, -0.9925551568540749, 0.02140198958247867, -0.11990085672877462, 0.39657682015032547, 0.3089172932437765, 0.5023093798532448, 0.0
-0.1183831476283061, -0.4443747219617579, 0.8879845363738184, -0.03467997661378197, 0.89557781430068, 0.4435512120989913, -0.9923621967707567, 0.02171370566778498, -0.12143222556838269, 0.3983845815350154, 0.3086055592078786, 0.501822167801705, 0.0
-0.11993820189216997, -0.4434160996735515, 0.8882550254725093, -0.034963954051418986, 0.8960452144587208, 0.4425838853400736, -0.9921654850094127, 0.022025807497575958, -0.12297363197090824, 0.4002030941438483, 0.3082897123771055, 0.5013291215295286, 0.0
-0.12150327935153088, -0.4424503237976604, 0.8885238680407912, -0.035248060315226794, 0.8965147593231905, 0.4416093981786349, -0.991964982925727, 0.02233824717893973, -0.12452499894452763, 0.4020322460421779, 0.3079697270796056, 0.500830214947015, 0.0
-0.12307830162479959, -0.4414774239621265, 0.8887909854408513, -0.0355322484634211, 0.8969864086918706, 0.44062778162661786, -0.9917606520669634, 0.022650976884573952, -0.12608624928153717, 0.4038719251245829, 0.3076455777813658, 0.5003254222366289, 0.0
-0.12466319011347826, -0.4404974299952916, 0.8890562992287238, -0.03581647163084403, 0.8974601223566376, 0.4396390668941124, -0.9915524541801345, 0.022963948857984147, -0.12765730555749702, 0.4057220191174574, 0.30731723909293557, 0.4998147178619392, 0.0
-0.12625786600145789, -0.43951037192933123, 0.8893197311649499, -0.03610068303424803, 0.8979358601060139, 0.4386432853927365, -0.9913403512201138, 0.023277115418666817, -0.12923809013045423, 0.40758241558167047, 0.3069846857761122, 0.49929807657647235, 0.0
-0.1278622502543977, -0.4385162800037201, 0.8895812032251923, -0.03638483597756423, 0.8984135817277245, 0.43764046873894913, -0.991124305357692, 0.023590428967278594, -0.1308285251402471, 0.4094530019152971, 0.3066478927505871, 0.49877547343248013, 0.0
-0.12947626361918407, -0.43751518466863026, 0.889840637610797, -0.036668883857152806, 0.8988932470112643, 0.4366306487572957, -0.990904278987575, 0.023903841990789848, -0.13242853250788958, 0.41133366535641813, 0.30630683510055184, 0.49824688378962056, 0.0
-0.1310998266234718, -0.43650711658825947, 0.8900979567593105, -0.036952780167037506, 0.8993748157504724, 0.4356138574835866, -0.990680234736326, 0.0242173070676239, -0.13403803393503716, 0.4132242929859911, 0.30596148808126533, 0.49771228332355294, 0.0
-0.13273285957530612, -0.43549210664409266, 0.8903530833549421, -0.03723647850412187, 0.8998582477461149, 0.4345901271680064, -0.9904521354702478, 0.024530776872780505, -0.13565695090353358, 0.4151247717307919, 0.3056118271255807, 0.49717164803444436, 0.0
-0.13437528256282658, -0.4344701859380937, 0.89060594033898, -0.037519932573388766, 0.9003435028084751, 0.4335594902781552, -0.9902199443032081, 0.02484420418294412, -0.13728520467503882, 0.41703498836642594, 0.30525782785043193, 0.49662495425538955, 0.0
-0.1360270154540528, -0.43344138579582797, 0.8908564509201553, -0.03780309619308207, 0.9008305407599528, 0.4325219795020221, -0.9899836246044069, 0.025157541881576744, -0.13892271629073932, 0.4189548295204114, 0.3048994660632796, 0.4960721786607416, 0.0
-0.13768797789675224, -0.43240573776951624, 0.8911045385849541, -0.03808592329987031, 0.9013193214376705, 0.43147762775088794, -0.9897431400060824, 0.025470742963994493, -0.14056940657113928, 0.420884181675332, 0.30453671776851593, 0.4955132982743544, 0.0
-0.13935808931838983, -0.431363273641018, 0.891350127107879, -0.03836836795399248, 0.9018098046960873, 0.43042646816216135, -0.98949845441116, 0.025783760542428466, -0.14222519611593432, 0.4228229311720605, 0.3041695591738286, 0.4949482904777358, 0.0
-0.14103726892616048, -0.43031402542474584, 0.8915931405616584, -0.038650384344385676, 0.9023019504096221, 0.4293685341021431, -0.9892495320008401, 0.026096547851069327, -0.14389000530396712, 0.4247709642130539, 0.30379796669652304, 0.4943771330181111, 0.0
-0.14272543570710333, -0.4292580253705092, 0.891833503327403, -0.038931926793793446, 0.9027957184752824, 0.4283038591687228, -0.9889963372421255, 0.02640905825109502, -0.14556375429326507, 0.4267281668657178, 0.3034219169698024, 0.49379980401639606, 0.0
-0.14442250842829868, -0.42819530596628863, 0.8920711401047086, -0.03921294976385632, 0.9032910688153023, 0.42723247719400526, -0.9887388348952898, 0.026721245235682166, -0.14724636302116004, 0.4286944250658421, 0.30304138684900617, 0.49321628197508016, 0.0
-0.14612840563714768, -0.42712589994093814, 0.8923059759217066, -0.03949340786018259, 0.9037879613797858, 0.426154422246866, -0.9884769900212824, 0.027033062435000168, -0.1489377512044911, 0.43066962462110714, 0.3026563534178051, 0.49262654578601794, 0.0
-0.1478430456617343, -0.42604984026681914, 0.8925379361450584, -0.03977325583739974, 0.9042863561493601, 0.42506972863543835, -0.9882107679890738, 0.027344463621187948, -0.15063783833988867, 0.4326536512146595, 0.3022667939943543, 0.4920305747381291, 0.0
-0.14956634661126988, -0.42496716016236125, 0.8927669464898974, -0.04005244860418685, 0.9047862131378341, 0.4239784309095293, -0.9879401344829384, 0.0276554027133135, -0.15234654370414183, 0.4346463904087585, 0.30187268613740253, 0.49142834852500705, 0.0
-0.15129822637662022, -0.4238778930945547, 0.8929929330297136, -0.04033094122828644, 0.9052874923948643, 0.422880563862965, -0.9876650555096751, 0.02796583378231521, -0.15406378635464732, 0.4366477276484922, 0.30147400765235793, 0.4908198472524347, 0.0
-0.15303860263091545, -0.4227820727813685, 0.8932158222061825, -0.04060868894149629, 0.9057901540086266, 0.421776162535866, -0.9873854974057648, 0.028275711055925103, -0.15578948512994156, 0.4386575482655635, 0.3010707365973097, 0.4902050514458073, 0.0
-0.15478739283024207, -0.4216797331941008, 0.8934355408389396, -0.0408856471446412, 0.906294158108498, 0.42066526221685197, -0.9871014268444657, 0.028584988923574133, -0.15752355865031403, 0.44067573748214506, 0.3006628512890064, 0.48958394205746264, 0.0
-0.15654451421441756, -0.42057090855965573, 0.8936520161352951, -0.04116177141252339, 0.9067994648677403, 0.41954789844517515, -0.9868128108428442, 0.028893621941278085, -0.15926592531850406, 0.4427021804148041, 0.300250330308788, 0.4889565004739169, 0.0
-0.1583098838078473, -0.41945563336274916, 0.8938651756998932, -0.041437017498852216, 0.9073060345061936, 0.41842410701278365, -0.986519616768742, 0.029201564836504955, -0.1610165033204786, 0.4447367620784959, 0.29983315250847464, 0.4883227085230071, 0.0
-0.16008341842046347, -0.4183339423480433, 0.894074947544311, -0.04171134134115218, 0.9078138272929746, 0.41729392396631315, -0.9862218123476789, 0.02950877251302286, -0.16277521062629272, 0.4467793673906254, 0.29941129701620856, 0.4876825484809383, 0.0
-0.16186503464874627, -0.4172058705222098, 0.8942812600966014, -0.04198469906564943, 0.9083228035491799, 0.4161573856090083, -0.9859193656696915, 0.02981520005572821, -0.16454196499103163, 0.44882988117517775, 0.2989847432422515, 0.4870360030792366, 0.0
-0.16365464887682726, -0.4160714531559206, 0.8944840422107725, -0.042257046992136095, 0.9088329236505973, 0.4150145285025717, -0.9856122451961049, 0.030120802735453926, -0.16631668395583496, 0.45088818816691634, 0.29855347088473494, 0.4863830555116063, 0.0
-0.1654521772776737, -0.4149307257857673, 0.8946832231762109, -0.042528341638812195, 0.9093441480304207, 0.4138653894689438, -0.9853004197662404, 0.03042553601375755, -0.16809928484900172, 0.45295417301564844, 0.29811745993536487, 0.48572368944069183, 0.0
-0.16725753581435507, -0.4137837242161091, 0.894878732727042, -0.04279853972710507, 0.9098564371819714, 0.41271000559200965, -0.984983858604057, 0.030729355547688474, -0.16988968478717772, 0.4550277202905578, 0.2976766906850789, 0.4850578890047431, 0.0
-0.16907064024139062, -0.41263048452084805, 0.8950705010514292, -0.04306759818646522, 0.9103697516614233, 0.41154841421923577, -0.9846625313247251, 0.031032217194534195, -0.17168780067662295, 0.4571087144846041, 0.2972311437296565, 0.48438563882418495, 0.0
-0.17089140610617837, -0.41147104304513304, 0.895258458800811, -0.04333547415913927, 0.9108840520905345, 0.4103806529632349, -0.9843364079411345, 0.0313340770165454, -0.17349354921456125, 0.4591970400189882, 0.2967807999752816, 0.48370692400808896, 0.0
-0.1727197487505039, -0.4103054364069919, 0.8954425370990763, -0.043602125004918814, 0.9113992991593826, 0.40920675970326015, -0.9840054588703347, 0.03163489128563929, -0.1753068468906093, 0.4612925812476838, 0.2963256406440576, 0.48302173016054906, 0.0
-0.17455558331213114, -0.4091337014988914, 0.8956226675516747, -0.043867508305865305, 0.9119154536291044, 0.4080267725866277, -0.9836696549399074, 0.031934616488080776, -0.177127609988287, 0.46339522246203346, 0.2958656472794731, 0.4823300433869589, 0.0
-0.17639882472647206, -0.4079558754892253, 0.8957987822546641, -0.04413158187101008, 0.9124324763346401, 0.40684073003006826, -0.9833289673942701, 0.0322332093291411, -0.17895575458660734, 0.46550484789540925, 0.29540080175181976, 0.4816318503001909, 0.0
-0.17824938772833754, -0.4067719958237306, 0.8959708138036928, -0.04439430374103021, 0.9129503281874809, 0.40564867072100713, -0.9829833679009131, 0.03253062673773431, -0.18079119656174708, 0.4676213417279393, 0.2949310862635607, 0.4809271380266783, 0.0
-0.18010718685376606, -0.40558210022683233, 0.8961386953029169, -0.044655632192898295, 0.9134689701784209, 0.404450633618774, -0.9826328285565648, 0.03282682587102977, -0.18263385158879478, 0.46974458809129427, 0.2944564833546494, 0.48021589421239763, 0.0
-0.18197213644193394, -0.4043862267029155, 0.8963023603738509, -0.04491552574450711, 0.9139883633803118, 0.4032466579557402, -0.9822773218932892, 0.033121764119041615, -0.18448363514358085, 0.4718744710735412, 0.2939769759077987, 0.479498107028752, 0.0
-0.1838441506371418, -0.40318441353752693, 0.8964617431641511, -0.045173943159268135, 0.9145084689508205, 0.40203678323838654, -0.9819168208845142, 0.03341539910919408, -0.18634046250458364, 0.47401087472405545, 0.2934925471536996, 0.4787737651783562, 0.0
-0.18572314339088208, -0.4019766992985034, 0.8966167783563335, -0.045430843450683656, 0.9150292481351906, 0.400821049248299, -0.9815512989509866, 0.033707688710862715, -0.18820424875491587, 0.4761536830584975, 0.29300318067618913, 0.478042857900721, 0.0
-0.18760902846398214, -0.40076312283703036, 0.8967674011764211, -0.04568618588689211, 0.9155506622690051, 0.399599496043094, -0.9811807299666606, 0.033998591039890606, -0.1900749087843874, 0.47830278006384835, 0.29250886041736807, 0.4773053749778388, 0.0
-0.1895017194288271, -0.3995437232886271, 0.8969135474025237, -0.045939929995186285, 0.9160726727809518, 0.3983721639572734, -0.9808050882645111, 0.03428806446307975, -0.1919523572916473, 0.4804580497035077, 0.2920095706826656, 0.47656130673966784, 0.0
-0.19140112967165784, -0.3983185400740622, 0.8970551533733481, -0.04619203556650374, 0.9165952411955913, 0.39713909360300775, -0.9804243486422785, 0.03457606760265682, -0.19383650878640082, 0.4826193759224485, 0.2915052961458541, 0.475810644069517, 0.0
-0.19330717239494727, -0.39708761290019623, 0.8971921559966372, -0.04644246265988938, 0.9171183291361259, 0.3959003258708504, -0.98003848636814, 0.03486255934071277, -0.19572727759170505, 0.4847866426524338, 0.29099602185400975, 0.47505337840932893, 0.0
-0.1952197606198517, -0.3958509817607545, 0.897324492757539, -0.046691171606929954, 0.9176418983271691, 0.39465590193037975, -0.9796474771863091, 0.03514749882361679, -0.1976245778463393, 0.486959733817289, 0.2904817332324227, 0.4742895017648631, 0.0
-0.19713880718873833, -0.3946086869370284, 0.8974521017269033, -0.04693812301615898, 0.9181659105975185, 0.393405863230773, -0.9792512973225622, 0.03543084546640269, -0.19952832350725178, 0.4891385333382329, 0.28996241608945217, 0.47351900671077657, 0.0
