1.0, 0.0, 0.0, 0.0, 1.0, 0.0, 0.0, 0.0, 1.0, 0.1992, 0.0, 0.7535, 0.0
0.9999999995981431, 0.0, 2.834984519877467E-5, 0.0, 1.0, 0.0, -2.834984519877467E-5, 0.0, 0.9999999995981431, 0.19921396527173832, 0.0, 0.7535075140906332, 0.0
0.9999999935874819, 0.0, 1.1324767571094994E-4, 0.0, 1.0, 0.0, -1.1324767571094994E-4, 0.0, 0.9999999935874819, 0.19925578763047708, 0.0, 0.7535300137852399, 0.0
0.9999999676235442, 0.0, 2.5446593221919403E-4, 0.0, 1.0, 0.0, -2.5446593221919403E-4, 0.0, 0.9999999676235442, 0.19932535878232832, 0.0, 0.7535674317018186, 0.0
0.9999998979487436, 0.0, 4.5177704958576057E-4, 0.0, 1.0, 0.0, -4.5177704958576057E-4, 0.0, 0.9999998979487436, 0.1994225729255366, 0.0, 0.7536196958199151, 0.0
0.9999997515202856, 0.0, 7.049534502436397E-4, 0.0, 1.0, 0.0, -7.049534502436397E-4, 0.0, 0.9999997515202856, 0.19954732671332134, 0.0, 0.7536867295418763, 0.0
0.9999994861375604, 0.0, 0.0010137675350696696, 0.0, 1.0, 0.0, -0.0010137675350696696, 0.0, 0.9999994861375604, 0.19969951921561474, 0.0, 0.753768451753186, 0.0
0.9999990505690255, 0.0, 0.0013779916718137742, 0.0, 1.0, 0.0, -0.0013779916718137742, 0.0, 0.9999990505690255, 0.19987905187973096, 0.0, 0.7538647768818998, 0.0
0.9999983846785846, 0.0, 0.0017973981811576863, 0.0, 1.0, 0.0, -0.0017973981811576863, 0.0, 0.9999983846785846, 0.20008582849000117, 0.0, 0.7539756149572048, 0.0
0.9999974195514656, 0.0, 0.0022717593204757123, 0.0, 1.0, 0.0, -0.0022717593204757123, 0.0, 0.9999974195514656, 0.20031975512640957, 0.0, 0.7541008716671221, 0.0
0.9999960776196055, 0.0, 0.002800847265369301, 0.0, 1.0, 0.0, -0.002800847265369301, 0.0, 0.9999960776196055, 0.20058074012226307, 0.0, 0.7542404484153784, 0.0
0.999994272786548, 0.0, 0.0033844340890463896, 0.0, 1.0, 0.0, -0.0033844340890463896, 0.0, 0.999994272786548, 0.200868694020929, 0.0, 0.7543942423774639, 0.0
0.9999919105518611, 0.0, 0.00402229173961573, 0.0, 1.0, 0.0, -0.00402229173961573, 0.0, 0.9999919105518611, 0.2011835295316723, 0.0, 0.7545621465559031, 0.0
0.9999888881350844, 0.0, 0.004714192015365594, 0.0, 1.0, 0.0, -0.004714192015365594, 0.0, 0.9999888881350844, 0.20152516148462524, 0.0, 0.7547440498347584, 0.0
0.9999850945992121, 0.0, 0.005459906538095531, 0.0, 1.0, 0.0, -0.005459906538095531, 0.0, 0.9999850945992121, 0.2018935067849204, 0.0, 0.7549398370333895, 0.0
0.9999804109737246, 0.0, 0.006259206724569024, 0.0, 1.0, 0.0, -0.006259206724569024, 0.0, 0.9999804109737246, 0.20228848436601832, 0.0, 0.7551493889594924, 0.0
0.9999747103771744, 0.0, 0.0071118637561542455, 0.0, 1.0, 0.0, -0.0071118637561542455, 0.0, 0.9999747103771744, 0.20271001514226, 0.0, 0.7553725824614382, 0.0
0.9999678581393411, 0.0, 0.008017648546719205, 0.0, 1.0, 0.0, -0.008017648546719205, 0.0, 0.9999678581393411, 0.20315802196067456, 0.0, 0.7556092904799376, 0.0
0.9999597119229618, 0.0, 0.008976331708847022, 0.0, 1.0, 0.0, -0.008976331708847022, 0.0, 0.9999597119229618, 0.20363242955207117, 0.0, 0.7558593820990503, 0.0
0.9999501218450526, 0.0, 0.009987683518436232, 0.0, 1.0, 0.0, -0.009987683518436232, 0.0, 0.9999501218450526, 0.20413316448144442, 0.0, 0.7561227225965651, 0.0
0.9999389305978288, 0.0, 0.011051473877750191, 0.0, 1.0, 0.0, -0.011051473877750191, 0.0, 0.9999389305978288, 0.2046601550977216, 0.0, 0.7563991734937718, 0.0
0.9999259735692383, 0.0, 0.012167472276979292, 0.0, 1.0, 0.0, -0.012167472276979292, 0.0, 0.9999259735692383, 0.20521333148288026, 0.0, 0.7566885926046475, 0.0
0.9999110789631197, 0.0, 0.013335447754378508, 0.0, 1.0, 0.0, -0.013335447754378508, 0.0, 0.9999110789631197, 0.2057926254004634, 0.0, 0.756990834084481, 0.0
0.9998940679189977, 0.0, 0.014555168855042523, 0.0, 1.0, 0.0, -0.014555168855042523, 0.0, 0.9998940679189977, 0.2063979702435194, 0.0, 0.7573057484779574, 0.0
0.9998747546315278, 0.0, 0.015826403588379723, 0.0, 1.0, 0.0, -0.015826403588379723, 0.0, 0.9998747546315278, 0.2070293009819944, 0.0, 0.7576331827667246, 0.0
0.9998529464696042, 0.0, 0.017148919384345738, 0.0, 1.0, 0.0, -0.017148919384345738, 0.0, 0.9998529464696042, 0.20768655410960235, 0.0, 0.7579729804164661, 0.0
0.9998284440951448, 0.0, 0.018522483048496664, 0.0, 1.0, 0.0, -0.018522483048496664, 0.0, 0.9998284440951448, 0.2083696675901999, 0.0, 0.7583249814235002, 0.0
0.9998010415815637, 0.0, 0.019946860715921146, 0.0, 1.0, 0.0, -0.019946860715921146, 0.0, 0.9998010415815637, 0.20907858080369118, 0.0, 0.7586890223609299, 0.0
0.9997705265319475, 0.0, 0.021421817804110104, 0.0, 1.0, 0.0, -0.021421817804110104, 0.0, 0.9997705265319475, 0.20981323449148825, 0.0, 0.7590649364243646, 0.0
0.9997366801969478, 0.0, 0.02294711896482217, 0.0, 1.0, 0.0, -0.02294711896482217, 0.0, 0.9997366801969478, 0.2105735707015518, 0.0, 0.7594525534772347, 0.0
0.9996992775924031, 0.0, 0.02452252803500209, 0.0, 1.0, 0.0, -0.02452252803500209, 0.0, 0.9996992775924031, 0.21135953273303718, 0.0, 0.7598517000957246, 0.0
0.9996580876167036, 0.0, 0.026147807986809036, 0.0, 1.0, 0.0, -0.026147807986809036, 0.0, 0.9996580876167036, 0.21217106508057, 0.0, 0.7602621996133397, 0.0
0.9996128731679135, 0.0, 0.027822720876810658, 0.0, 1.0, 0.0, -0.027822720876810658, 0.0, 0.9996128731679135, 0.21300811337817524, 0.0, 0.760683872165136, 0.0
0.9995633912606628, 0.0, 0.02954702779439869, 0.0, 1.0, 0.0, -0.02954702779439869, 0.0, 0.9995633912606628, 0.21387062434288379, 0.0, 0.7611165347316274, 0.0
0.9995093931428234, 0.0, 0.03132048880948073, 0.0, 1.0, 0.0, -0.03132048880948073, 0.0, 0.9995093931428234, 0.21475854571803982, 0.0, 0.7615600011823963, 0.0
0.9994506244119812, 0.0, 0.03314286291950257, 0.0, 1.0, 0.0, -0.03314286291950257, 0.0, 0.9994506244119812, 0.21567182621633216, 0.0, 0.7620140823194259, 0.0
0.9993868251317194, 0.0, 0.035013907995854784, 0.0, 1.0, 0.0, -0.035013907995854784, 0.0, 0.9993868251317194, 0.21661041546257262, 0.0, 0.7624785859201761, 0.0
0.9993177299477248, 0.0, 0.03693338072971641, 0.0, 1.0, 0.0, -0.03693338072971641, 0.0, 0.9993177299477248, 0.21757426393624404, 0.0, 0.7629533167804234, 0.0
0.9992430682037302, 0.0, 0.038901036577388415, 0.0, 1.0, 0.0, -0.038901036577388415, 0.0, 0.9992430682037302, 0.2185633229138401, 0.0, 0.763438076756884, 0.0
0.999162564057306, 0.0, 0.040916629705168864, 0.0, 1.0, 0.0, -0.040916629705168864, 0.0, 0.999162564057306, 0.2195775444110196, 0.0, 0.7639326648096423, 0.0
0.9990759365955129, 0.0, 0.04297991293382074, 0.0, 1.0, 0.0, -0.04297991293382074, 0.0, 0.9990759365955129, 0.22061688112459688, 0.0, 0.7644368770444022, 0.0
0.9989828999504291, 0.0, 0.045090637682683544, 0.0, 1.0, 0.0, -0.045090637682683544, 0.0, 0.9989828999504291, 0.22168128637438997, 0.0, 0.7649505067545826, 0.0
0.9988831634145633, 0.0, 0.047248553913478555, 0.0, 1.0, 0.0, -0.047248553913478555, 0.0, 0.9988831634145633, 0.22277071404494814, 0.0, 0.7654733444632748, 0.0
0.998776431556165, 0.0, 0.049453410073857534, 0.0, 1.0, 0.0, -0.049453410073857534, 0.0, 0.998776431556165, 0.2238851185271802, 0.0, 0.7660051779650819, 0.0
0.998662404334445, 0.0, 0.05170495304074361, 0.0, 1.0, 0.0, -0.05170495304074361, 0.0, 0.998662404334445, 0.22502445465990445, 0.0, 0.7665457923678592, 0.0
0.998540777214715, 0.0, 0.05400292806351323, 0.0, 1.0, 0.0, -0.05400292806351323, 0.0, 0.998540777214715, 0.22618867767134135, 0.0, 0.7670949701343714, 0.0
0.9984112412834601, 0.0, 0.056347078707066574, 0.0, 1.0, 0.0, -0.056347078707066574, 0.0, 0.9984112412834601, 0.22737774312056971, 0.0, 0.7676524911238886, 0.0
0.9982734833633528, 0.0, 0.05873714679483447, 0.0, 1.0, 0.0, -0.05873714679483447, 0.0, 0.9982734833633528, 0.22859160683896648, 0.0, 0.7682181326337352, 0.0
0.998127186128218, 0.0, 0.06117287235176774, 0.0, 1.0, 0.0, -0.06117287235176774, 0.0, 0.998127186128218, 0.229830224871651, 0.0, 0.7687916694408117, 0.0
0.9979720282179622, 0.0, 0.06365399354735625, 0.0, 1.0, 0.0, -0.06365399354735625, 0.0, 0.9979720282179622, 0.23109355341895382, 0.0, 0.7693728738431052, 0.0
0.9978076843534719, 0.0, 0.06618024663872252, 0.0, 1.0, 0.0, -0.06618024663872252, 0.0, 0.9978076843534719, 0.23238154877792971, 0.0, 0.7699615157012053, 0.0
0.9976338254514939, 0.0, 0.06875136591383578, 0.0, 1.0, 0.0, -0.06875136591383578, 0.0, 0.9976338254514939, 0.23369416728393544, 0.0, 0.770557362479843, 0.0
0.997450118739504, 0.0, 0.07136708363489062, 0.0, 1.0, 0.0, -0.07136708363489062, 0.0, 0.997450118739504, 0.2350313652522913, 0.0, 0.7711601792894668, 0.0
0.9972562278705727, 0.0, 0.07402712998189483, 0.0, 1.0, 0.0, -0.07402712998189483, 0.0, 0.9972562278705727, 0.23639309892004648, 0.0, 0.7717697289278739, 0.0
0.997051813038237, 0.0, 0.0767312329965096, 0.0, 1.0, 0.0, -0.0767312329965096, 0.0, 0.997051813038237, 0.23777932438786759, 0.0, 0.7723857719219105, 0.0
0.9968365310913824, 0.0, 0.07947911852618543, 0.0, 1.0, 0.0, -0.07947911852618543, 0.0, 0.9968365310913824, 0.23918999756206952, 0.0, 0.7730080665692556, 0.0
0.9966100356491461, 0.0, 0.08227051016863647, 0.0, 1.0, 0.0, -0.08227051016863647, 0.0, 0.9966100356491461, 0.2406250740968078, 0.0, 0.7736363689803049, 0.0
0.9963719772158437, 0.0, 0.08510512921669477, 0.0, 1.0, 0.0, -0.08510512921669477, 0.0, 0.9963719772158437, 0.24208450933645181, 0.0, 0.7742704331201677, 0.0
0.9961220032959276, 0.0, 0.08798269460358642, 0.0, 1.0, 0.0, -0.08798269460358642, 0.0, 0.9961220032959276, 0.24356825825815726, 0.0, 0.7749100108507903, 0.0
0.9958597585089823, 0.0, 0.09090292284867049, 0.0, 1.0, 0.0, -0.09090292284867049, 0.0, 0.9958597585089823, 0.24507627541465696, 0.0, 0.7755548519732202, 0.0
0.9955848847047599, 0.0, 0.09386552800368118, 0.0, 1.0, 0.0, -0.09386552800368118, 0.0, 0.9955848847047599, 0.24660851487728902, 0.0, 0.7762047042700245, 0.0
0.9952970210782615, 0.0, 0.09687022159951268, 0.0, 1.0, 0.0, -0.09687022159951268, 0.0, 0.9952970210782615, 0.24816493017927985, 0.0, 0.7768593135478743, 0.0
0.9949958042848676, 0.0, 0.09991671259358713, 0.0, 1.0, 0.0, -0.09991671259358713, 0.0, 0.9949958042848676, 0.24974547425930155, 0.0, 0.7775184236803068, 0.0
0.9946808685555208, 0.0, 0.10300470731784361, 0.0, 1.0, 0.0, -0.10300470731784361, 0.0, 0.9946808685555208, 0.2513500994053215, 0.0, 0.7781817766506793, 0.0
0.9943518458119637, 0.0, 0.10613390942738699, 0.0, 1.0, 0.0, -0.10613390942738699, 0.0, 0.9943518458119637, 0.25297875719876245, 0.0, 0.7788491125953245, 0.0
0.9940083657820326, 0.0, 0.10930401984983441, 0.0, 1.0, 0.0, -0.10930401984983441, 0.0, 0.9940083657820326, 0.25463139845899074, 0.0, 0.7795201698469181, 0.0
0.9936500561150109, 0.0, 0.11251473673539657, 0.0, 1.0, 0.0, -0.11251473673539657, 0.0, 0.9936500561150109, 0.2563079731881518, 0.0, 0.7801946849780709, 0.0
0.9932765424970417, 0.0, 0.11576575540773074, 0.0, 1.0, 0.0, -0.11576575540773074, 0.0, 0.9932765424970417, 0.2580084305163692, 0.0, 0.7808723928451542, 0.0
0.9928874487665987, 0.0, 0.11905676831560164, 0.0, 1.0, 0.0, -0.11905676831560164, 0.0, 0.9928874487665987, 0.2597327186473265, 0.0, 0.781553026632369, 0.0
0.9924823970300183, 0.0, 0.12238746498538607, 0.0, 1.0, 0.0, -0.12238746498538607, 0.0, 0.9924823970300183, 0.2614807848042487, 0.0, 0.7822363178960678, 0.0
0.9920610077770892, 0.0, 0.12575753197445594, 0.0, 1.0, 0.0, -0.12575753197445594, 0.0, 0.9920610077770892, 0.26325257517630096, 0.0, 0.782921996609338, 0.0
0.991622899996699, 0.0, 0.1291666528254753, 0.0, 1.0, 0.0, -0.1291666528254753, 0.0, 0.991622899996699, 0.2650480348654223, 0.0, 0.783609791206856, 0.0
0.9911676912925367, 0.0, 0.1326145080216442, 0.0, 1.0, 0.0, -0.1326145080216442, 0.0, 0.9911676912925367, 0.26686710783361123, 0.0, 0.7842994286300196, 0.0
0.990694997998847, 0.0, 0.13610077494292427, 0.0, 1.0, 0.0, -0.13610077494292427, 0.0, 0.990694997998847, 0.26870973685068106, 0.0, 0.7849906343723654, 0.0
0.9902044352962338, 0.0, 0.13962512782327763, 0.0, 1.0, 0.0, -0.13962512782327763, 0.0, 0.9902044352962338, 0.2705758634425014, 0.0, 0.7856831325252805, 0.0
0.9896956173275093, 0.0, 0.14318723770895275, 0.0, 1.0, 0.0, -0.14318723770895275, 0.0, 0.9896956173275093, 0.27246542783974304, 0.0, 0.7863766458240128, 0.0
0.9891681573135837, 0.0, 0.14678677241784877, 0.0, 1.0, 0.0, -0.14678677241784877, 0.0, 0.9891681573135837, 0.27437836892714385, 0.0, 0.7870708956939877, 0.0
0.9886216676693906, 0.0, 0.1504233964999889, 0.0, 1.0, 0.0, -0.1504233964999889, 0.0, 0.9886216676693906, 0.27631462419331104, 0.0, 0.7877656022974366, 0.0
0.9880557601198433, 0.0, 0.15409677119913523, 0.0, 1.0, 0.0, -0.15409677119913523, 0.0, 0.9880557601198433, 0.2782741296810778, 0.0, 0.7884604845803426, 0.0
0.9874700458158134, 0.0, 0.15780655441557304, 0.0, 1.0, 0.0, -0.15780655441557304, 0.0, 0.9874700458158134, 0.28025681993842977, 0.0, 0.7891552603197075, 0.0
0.986864135450128, 0.0, 0.16155240067009657, 0.0, 1.0, 0.0, -0.16155240067009657, 0.0, 0.986864135450128, 0.2822626279700191, 0.0, 0.7898496461711466, 0.0
0.9862376393735744, 0.0, 0.16533396106922305, 0.0, 1.0, 0.0, -0.16533396106922305, 0.0, 0.9862376393735744, 0.2842914851892808, 0.0, 0.7905433577168124, 0.0
0.9855901677109078, 0.0, 0.1691508832716656, 0.0, 1.0, 0.0, -0.1691508832716656, 0.0, 0.9855901677109078, 0.2863433213711689, 0.0, 0.7912361095136534, 0.0
0.9849213304768499, 0.0, 0.17300281145609078, 0.0, 1.0, 0.0, -0.17300281145609078, 0.0, 0.9849213304768499, 0.2884180646055275, 0.0, 0.7919276151420093, 0.0
0.9842307376920718, 0.0, 0.17688938629019, 0.0, 1.0, 0.0, -0.17688938629019, 0.0, 0.9842307376920718, 0.29051564125111373, 0.0, 0.7926175872545463, 0.0
0.9835179994991489, 0.0, 0.18081024490108993, 0.0, 1.0, 0.0, -0.18081024490108993, 0.0, 0.9835179994991489, 0.29263597589028695, 0.0, 0.7933057376255341, 0.0
0.9827827262784791, 0.0, 0.1847650208471292, 0.0, 1.0, 0.0, -0.1847650208471292, 0.0, 0.9827827262784791, 0.29477899128438145, 0.0, 0.7939917772004664, 0.0
0.9820245287641519, 0.0, 0.18875334409102618, 0.0, 1.0, 0.0, -0.18875334409102618, 0.0, 0.9820245287641519, 0.2969446083297771, 0.0, 0.7946754161460257, 0.0
0.9812430181597578, 0.0, 0.19277484097446249, 0.0, 1.0, 0.0, -0.19277484097446249, 0.0, 0.9812430181597578, 0.299132746014683, 0.0, 0.7953563639003949, 0.0
0.9804378062541234, 0.0, 0.19682913419410783, 0.0, 1.0, 0.0, -0.19682913419410783, 0.0, 0.9804378062541234, 0.30134332137665115, 0.0, 0.7960343292239137, 0.0
0.9796085055369623, 0.0, 0.20091584277910776, 0.0, 1.0, 0.0, -0.20091584277910776, 0.0, 0.9796085055369623, 0.30357624946083306, 0.0, 0.7967090202500813, 0.0
0.9787547293144264, 0.0, 0.20503458207005945, 0.0, 1.0, 0.0, -0.20503458207005945, 0.0, 0.9787547293144264, 0.3058314432789955, 0.0, 0.7973801445369041, 0.0
0.9778760918245422, 0.0, 0.2091849636994963, 0.0, 1.0, 0.0, -0.2091849636994963, 0.0, 0.9778760918245422, 0.30810881376931026, 0.0, 0.7980474091185878, 0.0
0.9769722083525213, 0.0, 0.21336659557390378, 0.0, 1.0, 0.0, -0.21336659557390378, 0.0, 0.9769722083525213, 0.31040826975693137, 0.0, 0.7987105205575724, 0.0
0.9760426953459258, 0.0, 0.2175790818572876, 0.0, 1.0, 0.0, -0.2175790818572876, 0.0, 0.9760426953459258, 0.3127297179153755, 0.0, 0.7993691849969071, 0.0
0.9750871705296754, 0.0, 0.2218220229563144, 0.0, 1.0, 0.0, -0.2218220229563144, 0.0, 0.9750871705296754, 0.31507306272871904, 0.0, 0.800023108212965, 0.0
0.9741052530208781, 0.0, 0.2260950155070451, 0.0, 1.0, 0.0, -0.2260950155070451, 0.0, 0.9741052530208781, 0.3174382064546263, 0.0, 0.8006719956684915, 0.0
0.9730965634434691, 0.0, 0.23039765236327964, 0.0, 1.0, 0.0, -0.23039765236327964, 0.0, 0.9730965634434691, 0.3198250490882225, 0.0, 0.8013155525659874, 0.0
0.9720607240426388, 0.0, 0.23472952258653132, 0.0, 1.0, 0.0, -0.23472952258653132, 0.0, 0.9720607240426388, 0.3222334883268252, 0.0, 0.8019534839014184, 0.0
0.9709973587990339, 0.0, 0.2390902114376498, 0.0, 1.0, 0.0, -0.2390902114376498, 0.0, 0.9709973587990339, 0.32466341953554834, 0.0, 0.8025854945182499, 0.0
0.9699060935427114, 0.0, 0.24347930037010787, 0.0, 1.0, 0.0, -0.24347930037010787, 0.0, 0.9699060935427114, 0.32711473571379107, 0.0, 0.803211289161802, 0.0
0.968786556066826, 0.0, 0.24789636702497025, 0.0, 1.0, 0.0, -0.24789636702497025, 0.0, 0.968786556066826, 0.3295873274626255, 0.0, 0.8038305725339183, 0.0
0.9676383762410341, 0.0, 0.2523409852275584, 0.0, 1.0, 0.0, -0.2523409852275584, 0.0, 0.9676383762410341, 0.33208108295309596, 0.0, 0.8044430493479452, 0.0
0.966461186124592, 0.0, 0.2568127249858285, 0.0, 1.0, 0.0, -0.2568127249858285, 0.0, 0.966461186124592, 0.33459588789544253, 0.0, 0.8050484243840134, 0.0
0.9652546200791272, 0.0, 0.26131115249047404, 0.0, 1.0, 0.0, -0.26131115249047404, 0.0, 0.9652546200791272, 0.33713162550926057, 0.0, 0.8056464025446173, 0.0
0.9640183148810648, 0.0, 0.26583583011676987, 0.0, 1.0, 0.0, -0.26583583011676987, 0.0, 0.9640183148810648, 0.33968817649461014, 0.0, 0.8062366889104846, 0.0
0.9627519098336846, 0.0, 0.2703863164281669, 0.0, 1.0, 0.0, -0.2703863164281669, 0.0, 0.9627519098336846, 0.34226541900408536, 0.0, 0.8068189887967289, 0.0
0.9614550468787881, 0.0, 0.27496216618165376, 0.0, 1.0, 0.0, -0.27496216618165376, 0.0, 0.9614550468787881, 0.3448632286158576, 0.0, 0.8073930078092774, 0.0
0.9601273707079534, 0.0, 0.2795629303348929, 0.0, 1.0, 0.0, -0.2795629303348929, 0.0, 0.9601273707079534, 0.34748147830770165, 0.0, 0.8079584519015678, 0.0
0.958768528873355, 0.0, 0.2841881560551438, 0.0, 1.0, 0.0, -0.2841881560551438, 0.0, 0.958768528873355, 0.35012003843201855, 0.0, 0.8085150274315025, 0.0
0.9573781718981238, 0.0, 0.2888373867299844, 0.0, 1.0, 0.0, -0.2888373867299844, 0.0, 0.9573781718981238, 0.3527787766918646, 0.0, 0.8090624412186541, 0.0
0.9559559533862271, 0.0, 0.29351016197983615, 0.0, 1.0, 0.0, -0.29351016197983615, 0.0, 0.9559559533862271, 0.3554575581179977, 0.0, 0.8096004006017122, 0.0
0.9545015301318404, 0.0, 0.2982060176723056, 0.0, 1.0, 0.0, -0.2982060176723056, 0.0, 0.9545015301318404, 0.3581562450469518, 0.0, 0.8101286134961617, 0.0
0.9530145622281899, 0.0, 0.3029244859383465, 0.0, 1.0, 0.0, -0.3029244859383465, 0.0, 0.9530145622281899, 0.36087469710014936, 0.0, 0.8106467884521822, 0.0
0.9514947131758393, 0.0, 0.30766509519025265, 0.0, 1.0, 0.0, -0.30766509519025265, 0.0, 0.9514947131758393, 0.3636127711640626, 0.0, 0.8111546347127592, 0.0
0.9499416499903962, 0.0, 0.31242737014148353, 0.0, 1.0, 0.0, -0.31242737014148353, 0.0, 0.9499416499903962, 0.3663703213714312, 0.0, 0.8116518622719959, 0.0
0.9483550433096125, 0.0, 0.3172108318283332, 0.0, 1.0, 0.0, -0.3172108318283332, 0.0, 0.9483550433096125, 0.3691471990835492, 0.0, 0.8121381819336141, 0.0
0.9467345674998533, 0.0, 0.32201499763344216, 0.0, 1.0, 0.0, -0.32201499763344216, 0.0, 0.9467345674998533, 0.3719432528736264, 0.0, 0.8126133053696325, 0.0
0.9450799007619082, 0.0, 0.3268393813111601, 0.0, 1.0, 0.0, -0.3268393813111601, 0.0, 0.9450799007619082, 0.37475832851123647, 0.0, 0.8130769451792126, 0.0
0.9433907252361178, 0.0, 0.3316834930147592, 0.0, 1.0, 0.0, -0.3316834930147592, 0.0, 0.9433907252361178, 0.3775922689478579, 0.0, 0.8135288149476568, 0.0
0.9416667271067902, 0.0, 0.336546839325503, 0.0, 1.0, 0.0, -0.336546839325503, 0.0, 0.9416667271067902, 0.38044491430351673, 0.0, 0.8139686293055493, 0.0
0.9399075967058792, 0.0, 0.3414289232835706, 0.0, 1.0, 0.0, -0.3414289232835706, 0.0, 0.9399075967058792, 0.38331610185454, 0.0, 0.8143961039880241, 0.0
0.9381130286158974, 0.0, 0.34632924442083785, 0.0, 1.0, 0.0, -0.34632924442083785, 0.0, 0.9381130286158974, 0.3862056660224255, 0.0, 0.8148109558941495, 0.0
0.9362827217720375, 0.0, 0.3512472987955144, 0.0, 1.0, 0.0, -0.3512472987955144, 0.0, 0.9362827217720375, 0.3891134383638367, 0.0, 0.815212903146414, 0.0
0.9344163795634729, 0.0, 0.3561825790286378, 0.0, 1.0, 0.0, -0.3561825790286378, 0.0, 0.9344163795634729, 0.3920392475617289, 0.0, 0.8156016651502995, 0.0
0.9325137099338107, 0.0, 0.36113457434241997, 0.0, 1.0, 0.0, -0.36113457434241997, 0.0, 0.9325137099338107, 0.39498291941761376, 0.0, 0.815976962653929, 0.0
0.9305744254806692, 0.0, 0.3661027706004456, 0.0, 1.0, 0.0, -0.3661027706004456, 0.0, 0.9305744254806692, 0.3979442768449669, 0.0, 0.8163385178077733, 0.0
0.9285982435543502, 0.0, 0.37108665034972055, 0.0, 1.0, 0.0, -0.37108665034972055, 0.0, 0.9285982435543502, 0.40092313986378764, 0.0, 0.8166860542244019, 0.0
0.92658488635558, 0.0, 0.3760856928645609, 0.0, 1.0, 0.0, -0.3760856928645609, 0.0, 0.92658488635558, 0.40391932559631205, 0.0, 0.8170192970382639, 0.0
0.9245340810322884, 0.0, 0.3810993741923254, 0.0, 1.0, 0.0, -0.3810993741923254, 0.0, 0.9245340810322884, 0.40693264826388875, 0.0, 0.8173379729654826, 0.0
0.9224455597753987, 0.0, 0.38612716720097723, 0.0, 1.0, 0.0, -0.38612716720097723, 0.0, 0.9224455597753987, 0.40996291918501837, 0.0, 0.8176418103636489, 0.0
0.920319059913599, 0.0, 0.39116854162847686, 0.0, 1.0, 0.0, -0.39116854162847686, 0.0, 0.920319059913599, 0.4130099467745647, 0.0, 0.8179305392915971, 0.0
0.9181543240070671, 0.0, 0.3962229641339907, 0.0, 1.0, 0.0, -0.3962229641339907, 0.0, 0.9181543240070671, 0.4160735365441379, 0.0, 0.8182038915691467, 0.0
0.9159510999401179, 0.0, 0.40128989835091555, 0.0, 1.0, 0.0, -0.40128989835091555, 0.0, 0.9159510999401179, 0.41915349110365785, 0.0, 0.8184616008367963, 0.0
0.9137091410127477, 0.0, 0.4063688049417016, 0.0, 1.0, 0.0, -0.4063688049417016, 0.0, 0.9137091410127477, 0.42224961016409535, 0.0, 0.8187034026153481, 0.0
0.911428206031043, 0.0, 0.41145914165447167, 0.0, 1.0, 0.0, -0.41145914165447167, 0.0, 0.911428206031043, 0.42536169054139955, 0.0, 0.8189290343654518, 0.0
0.9091080593964279, 0.0, 0.4165603633814204, 0.0, 1.0, 0.0, -0.4165603633814204, 0.0, 0.9091080593964279, 0.4284895261616101, 0.0, 0.819138235547046, 0.0
0.906748471193718, 0.0, 0.4216719222189866, 0.0, 1.0, 0.0, -0.4216719222189866, 0.0, 0.906748471193718, 0.4316329080671588, 0.0, 0.8193307476786837, 0.0
0.9043492172779556, 0.0, 0.42679326752978314, 0.0, 1.0, 0.0, -0.42679326752978314, 0.0, 0.9043492172779556, 0.43479162442436026, 0.0, 0.8195063143967217, 0.0
0.9019100793599933, 0.0, 0.4319238460062729, 0.0, 1.0, 0.0, -0.4319238460062729, 0.0, 0.9019100793599933, 0.43796546053209395, 0.0, 0.8196646815143566, 0.0
0.8994308450908007, 0.0, 0.43706310173617735, 0.0, 1.0, 0.0, -0.43706310173617735, 0.0, 0.8994308450908007, 0.441154198831679, 0.0, 0.8198055970804918, 0.0
0.8969113081444624, 0.0, 0.4422104762696031, 0.0, 1.0, 0.0, -0.4422104762696031, 0.0, 0.8969113081444624, 0.4443576189179417, 0.0, 0.8199288114384147, 0.0
0.8943512682998419, 0.0, 0.44736540868786917, 0.0, 1.0, 0.0, -0.44736540868786917, 0.0, 0.8943512682998419, 0.4475754975514741, 0.0, 0.820034077284267, 0.0
0.891750531520879, 0.0, 0.45252733567402287, 0.0, 1.0, 0.0, -0.45252733567402287, 0.0, 0.891750531520879, 0.4508076086720872, 0.0, 0.8201211497252906, 0.0
0.8891089100354963, 0.0, 0.4576956915850221, 0.0, 1.0, 0.0, -0.4576956915850221, 0.0, 0.8891089100354963, 0.45405372341345335, 0.0, 0.8201897863378285, 0.0
0.8864262224130828, 0.0, 0.4628699085255725, 0.0, 1.0, 0.0, -0.4628699085255725, 0.0, 0.8864262224130828, 0.4573136101189408, 0.0, 0.8202397472250649, 0.0
0.8837022936405301, 0.0, 0.4680494164235934, 0.0, 1.0, 0.0, -0.4680494164235934, 0.0, 0.8837022936405301, 0.46058703435863474, 0.0, 0.8202707950744836, 0.0
0.8809369551967896, 0.0, 0.4732336431073023, 0.0, 1.0, 0.0, -0.4732336431073023, 0.0, 0.8809369551967896, 0.4638737589475476, 0.0, 0.8202826952150258, 0.0
0.8781300451259265, 0.0, 0.4784220143838891, 0.0, 1.0, 0.0, -0.4784220143838891, 0.0, 0.8781300451259265, 0.4671735439650101, 0.0, 0.8202752156739306, 0.0
0.8752814081086407, 0.0, 0.48361395411976593, 0.0, 1.0, 0.0, -0.48361395411976593, 0.0, 0.8752814081086407, 0.4704861467752459, 0.0, 0.8202481272332361, 0.0
0.8723908955322285, 0.0, 0.48880888432236624, 0.0, 1.0, 0.0, -0.48880888432236624, 0.0, 0.8723908955322285, 0.47381132204912185, 0.0, 0.8202012034859244, 0.0
0.8694583655589568, 0.0, 0.4940062252234757, 0.0, 1.0, 0.0, -0.4940062252234757, 0.0, 0.8694583655589568, 0.4771488217870739, 0.0, 0.8201342208916901, 0.0
0.8664836831928266, 0.0, 0.49920539536406583, 0.0, 1.0, 0.0, -0.49920539536406583, 0.0, 0.8664836831928266, 0.48049839534320077, 0.0, 0.8200469588323135, 0.0
0.8634667203446944, 0.0, 0.5044058116806124, 0.0, 1.0, 0.0, -0.5044058116806124, 0.0, 0.8634667203446944, 0.4838597894505228, 0.0, 0.8199391996666192, 0.0
0.8604073558957288, 0.0, 0.509606889592871, 0.0, 1.0, 0.0, -0.509606889592871, 0.0, 0.8604073558957288, 0.4872327482474014, 0.0, 0.8198107287849995, 0.0
0.8573054757591774, 0.0, 0.5148080430930838, 0.0, 1.0, 0.0, -0.5148080430930838, 0.0, 0.8573054757591774, 0.49061701330511065, 0.0, 0.8196613346634861, 0.0
0.8541609729404142, 0.0, 0.5200086848365949, 0.0, 1.0, 0.0, -0.5200086848365949, 0.0, 0.8541609729404142, 0.49401232365655806, 0.0, 0.8194908089173479, 0.0
0.8509737475952474, 0.0, 0.5252082262338437, 0.0, 1.0, 0.0, -0.5252082262338437, 0.0, 0.8509737475952474, 0.4974184158261467, 0.0, 0.8192989463541962, 0.0
0.8477437070864605, 0.0, 0.5304060775437113, 0.0, 1.0, 0.0, -0.5304060775437113, 0.0, 0.8477437070864605, 0.5008350238607706, 0.0, 0.8190855450265792, 0.0
0.8444707660385624, 0.0, 0.5356016479681924, 0.0, 1.0, 0.0, -0.5356016479681924, 0.0, 0.8444707660385624, 0.5042618793619384, 0.0, 0.8188504062840454, 0.0
0.8411548463907236, 0.0, 0.5407943457483614, 0.0, 1.0, 0.0, -0.5407943457483614, 0.0, 0.8411548463907236, 0.5076987115190155, 0.0, 0.8185933348246563, 0.0
0.8377958774478748, 0.0, 0.5459835782616045, 0.0, 1.0, 0.0, -0.5459835782616045, 0.0, 0.8377958774478748, 0.5111452471435767, 0.0, 0.8183141387459297, 0.0
0.8343937959299446, 0.0, 0.5511687521200908, 0.0, 1.0, 0.0, -0.5511687521200908, 0.0, 0.8343937959299446, 0.5146012107048623, 0.0, 0.8180126295951943, 0.0
0.8309485460192149, 0.0, 0.5563492732704454, 0.0, 1.0, 0.0, -0.5563492732704454, 0.0, 0.8309485460192149, 0.5180663243663258, 0.0, 0.8176886224193359, 0.0
0.8274600794057717, 0.0, 0.5615245470945985, 0.0, 1.0, 0.0, -0.5615245470945985, 0.0, 0.8274600794057717, 0.5215403080232648, 0.0, 0.8173419358139178, 0.0
0.8239283553310283, 0.0, 0.5666939785117774, 0.0, 1.0, 0.0, -0.5666939785117774, 0.0, 0.8239283553310283, 0.525022879341526, 0.0, 0.8169723919716527, 0.0
0.8203533406293028, 0.0, 0.5718569720816062, 0.0, 1.0, 0.0, -0.5718569720816062, 0.0, 0.8203533406293028, 0.5285137537972731, 0.0, 0.8165798167302126, 0.0
0.8167350097674282, 0.0, 0.5770129321082837, 0.0, 1.0, 0.0, -0.5770129321082837, 0.0, 0.8167350097674282, 0.5320126447178046, 0.0, 0.8161640396193525, 0.0
0.8130733448823744, 0.0, 0.5821612627458027, 0.0, 1.0, 0.0, -0.5821612627458027, 0.0, 0.8130733448823744, 0.5355192633234143, 0.0, 0.815724893907332, 0.0
0.8093683358168644, 0.0, 0.5873013681041781, 0.0, 1.0, 0.0, -0.5873013681041781, 0.0, 0.8093683358168644, 0.539033318770278, 0.0, 0.8152622166466176, 0.0
0.8056199801529659, 0.0, 0.5924326523566497, 0.0, 1.0, 0.0, -0.5924326523566497, 0.0, 0.8056199801529659, 0.5425545181943591, 0.0, 0.8147758487188426, 0.0
0.801828283243639, 0.0, 0.5975545198478199, 0.0, 1.0, 0.0, -0.5975545198478199, 0.0, 0.801828283243639, 0.5460825667563143, 0.0, 0.8142656348790119, 0.0
0.797993258242224, 0.0, 0.602666375202698, 0.0, 1.0, 0.0, -0.602666375202698, 0.0, 0.797993258242224, 0.5496171676873942, 0.0, 0.8137314237989298, 0.0
0.7941149261298531, 0.0, 0.6077676234366042, 0.0, 1.0, 0.0, -0.6077676234366042, 0.0, 0.7941149261298531, 0.5531580223363158, 0.0, 0.8131730681098333, 0.0
0.7901933157407665, 0.0, 0.6128576700659081, 0.0, 1.0, 0.0, -0.6128576700659081, 0.0, 0.7901933157407665, 0.5567048302171026, 0.0, 0.8125904244442154, 0.0
0.7862284637855221, 0.0, 0.6179359212195533, 0.0, 1.0, 0.0, -0.6179359212195533, 0.0, 0.7862284637855221, 0.5602572890578692, 0.0, 0.8119833534768182, 0.0
0.7822204148720799, 0.0, 0.6230017837513397, 0.0, 1.0, 0.0, -0.6230017837513397, 0.0, 0.7822204148720799, 0.5638150948505443, 0.0, 0.81135171996478, 0.0
0.778169221524752, 0.0, 0.6280546653529145, 0.0, 1.0, 0.0, -0.6280546653529145, 0.0, 0.778169221524752, 0.5673779419015057, 0.0, 0.8106953927869193, 0.0
0.7740749442009962, 0.0, 0.6330939746674458, 0.0, 1.0, 0.0, -0.6330939746674458, 0.0, 0.7740749442009962, 0.5709455228831269, 0.0, 0.8100142449821368, 0.0
0.769937651306053, 0.0, 0.6381191214039262, 0.0, 1.0, 0.0, -0.6381191214039262, 0.0, 0.769937651306053, 0.5745175288862021, 0.0, 0.8093081537869232, 0.0
0.7657574192054001, 0.0, 0.6431295164520792, 0.0, 1.0, 0.0, -0.6431295164520792, 0.0, 0.7657574192054001, 0.5780936494732483, 0.0, 0.8085770006719496, 0.0
0.7615343322350259, 0.0, 0.6481245719978168, 0.0, 1.0, 0.0, -0.6481245719978168, 0.0, 0.7615343322350259, 0.5816735727326572, 0.0, 0.8078206713777324, 0.0
0.7572684827095021, 0.0, 0.6531037016392179, 0.0, 1.0, 0.0, -0.6531037016392179, 0.0, 0.7572684827095021, 0.5852569853336859, 0.0, 0.8070390559493495, 0.0
0.7529599709278514, 0.0, 0.6580663205029788, 0.0, 1.0, 0.0, -0.6580663205029788, 0.0, 0.7529599709278514, 0.5888435725822663, 0.0, 0.806232048770197, 0.0
0.7486089051771978, 0.0, 0.6630118453613006, 0.0, 1.0, 0.0, -0.6630118453613006, 0.0, 0.7486089051771978, 0.5924330184776154, 0.0, 0.8053995485947694, 0.0
0.7442154017341954, 0.0, 0.6679396947491668, 0.0, 1.0, 0.0, -0.6679396947491668, 0.0, 0.7442154017341954, 0.5960250057696284, 0.0, 0.8045414585804476, 0.0
0.7397795848642233, 0.0, 0.6728492890819737, 0.0, 1.0, 0.0, -0.6728492890819737, 0.0, 0.7397795848642233, 0.5996192160170368, 0.0, 0.8036576863182818, 0.0
0.7353015868183437, 0.0, 0.67774005077347, 0.0, 1.0, 0.0, -0.67774005077347, 0.0, 0.7353015868183437, 0.6032153296463114, 0.0, 0.8027481438627535, 0.0
0.7307815478280163, 0.0, 0.6826114043539624, 0.0, 1.0, 0.0, -0.6826114043539624, 0.0, 0.7307815478280163, 0.6068130260112921, 0.0, 0.8018127477605022, 0.0
0.7262196160975655, 0.0, 0.6874627765887434, 0.0, 1.0, 0.0, -0.6874627765887434, 0.0, 0.7262196160975655, 0.6104119834535215, 0.0, 0.8008514190780055, 0.0
0.721615947794392, 0.0, 0.692293596596705, 0.0, 1.0, 0.0, -0.692293596596705, 0.0, 0.721615947794392, 0.6140118793632697, 0.0, 0.799864083428196, 0.0
0.7169707070369317, 0.0, 0.6971032959690855, 0.0, 1.0, 0.0, -0.6971032959690855, 0.0, 0.7169707070369317, 0.6176123902412194, 0.0, 0.798850670996005, 0.0
0.7122840658803532, 0.0, 0.7018913088883154, 0.0, 1.0, 0.0, -0.7018913088883154, 0.0, 0.7122840658803532, 0.6212131917608013, 0.0, 0.7978111165628169, 0.0
0.7075562042999992, 0.0, 0.7066570722469122, 0.0, 1.0, 0.0, -0.7066570722469122, 0.0, 0.7075562042999992, 0.6248139588311503, 0.0, 0.7967453595298272, 0.0
0.7027873101725625, 0.0, 0.7114000257663858, 0.0, 1.0, 0.0, -0.7114000257663858, 0.0, 0.7027873101725625, 0.6284143656606687, 0.0, 0.7956533439402854, 0.0
0.6979775792550059, 0.0, 0.7161196121161059, 0.0, 1.0, 0.0, -0.7161196121161059, 0.0, 0.6979775792550059, 0.6320140858211662, 0.0, 0.7945350185006184, 0.0
0.6931272151612193, 0.0, 0.7208152770320929, 0.0, 1.0, 0.0, -0.7208152770320929, 0.0, 0.6931272151612193, 0.6356127923125654, 0.0, 0.7933903366004167, 0.0
0.688236429336422, 0.0, 0.7254864694356828, 0.0, 1.0, 0.0, -0.7254864694356828, 0.0, 0.688236429336422, 0.6392101576281402, 0.0, 0.7922192563312793, 0.0
0.6833054410293065, 0.0, 0.7301326415520298, 0.0, 1.0, 0.0, -0.7301326415520298, 0.0, 0.6833054410293065, 0.6428058538202732, 0.0, 0.7910217405044998, 0.0
0.6783344772619353, 0.0, 0.7347532490283912, 0.0, 1.0, 0.0, -0.7347532490283912, 0.0, 0.6783344772619353, 0.6463995525667032, 0.0, 0.7897977566675914, 0.0
0.6733237727973866, 0.0, 0.7393477510521644, 0.0, 1.0, 0.0, -0.7393477510521644, 0.0, 0.6733237727973866, 0.6499909252372453, 0.0, 0.788547277119634, 0.0
0.6682735701051624, 0.0, 0.7439156104686206, 0.0, 1.0, 0.0, -0.7439156104686206, 0.0, 0.6682735701051624, 0.6535796429609557, 0.0, 0.7872702789254407, 0.0
0.6631841193243575, 0.0, 0.7484562938982986, 0.0, 1.0, 0.0, -0.7484562938982986, 0.0, 0.6631841193243575, 0.6571653766937219, 0.0, 0.7859667439285312, 0.0
0.658055678224605, 0.0, 0.7529692718540081, 0.0, 1.0, 0.0, -0.7529692718540081, 0.0, 0.658055678224605, 0.6607477972862507, 0.0, 0.7846366587629052, 0.0
0.6528885121647974, 0.0, 0.7574540188574072, 0.0, 1.0, 0.0, -0.7574540188574072, 0.0, 0.6528885121647974, 0.6643265755524355, 0.0, 0.7832800148636087, 0.0
0.6476828940495987, 0.0, 0.7619100135551025, 0.0, 1.0, 0.0, -0.7619100135551025, 0.0, 0.6476828940495987, 0.6679013823380742, 0.0, 0.7818968084760836, 0.0
0.6424391042837566, 0.0, 0.766336738834231, 0.0, 1.0, 0.0, -0.766336738834231, 0.0, 0.6424391042837566, 0.6714718885899142, 0.0, 0.7804870406642985, 0.0
0.6371574307242224, 0.0, 0.770733681937482, 0.0, 1.0, 0.0, -0.770733681937482, 0.0, 0.6371574307242224, 0.675037765425004, 0.0, 0.77905071731765, 0.0
0.6318381686300908, 0.0, 0.7751003345775133, 0.0, 1.0, 0.0, -0.7751003345775133, 0.0, 0.6318381686300908, 0.6785986842003229, 0.0, 0.7775878491566293, 0.0
0.6264816206103756, 0.0, 0.7794361930507188, 0.0, 1.0, 0.0, -0.7794361930507188, 0.0, 0.6264816206103756, 0.6821543165826656, 0.0, 0.7760984517372511, 0.0
0.6210880965696335, 0.0, 0.783740758350304, 0.0, 1.0, 0.0, -0.783740758350304, 0.0, 0.6210880965696335, 0.6857043346187564, 0.0, 0.7745825454542402, 0.0
0.6156579136514436, 0.0, 0.7880135362786299, 0.0, 1.0, 0.0, -0.7880135362786299, 0.0, 0.6156579136514436, 0.6892484108055699, 0.0, 0.7730401555429651, 0.0
0.6101913961797691, 0.0, 0.792254037558777, 0.0, 1.0, 0.0, -0.792254037558777, 0.0, 0.6101913961797691, 0.6927862181608313, 0.0, 0.7714713120801251, 0.0
0.6046888755982092, 0.0, 0.7964617779452907, 0.0, 1.0, 0.0, -0.7964617779452907, 0.0, 0.6046888755982092, 0.696317430293671, 0.0, 0.7698760499831779, 0.0
0.5991506904071587, 0.0, 0.8006362783340666, 0.0, 1.0, 0.0, -0.8006362783340666, 0.0, 0.5991506904071587, 0.6998417214754096, 0.0, 0.7682544090085115, 0.0
0.5935771860988969, 0.0, 0.8047770648713316, 0.0, 1.0, 0.0, -0.8047770648713316, 0.0, 0.5935771860988969, 0.7033587667104477, 0.0, 0.7666064337483539, 0.0
0.587968715090621, 0.0, 0.8088836690616792, 0.0, 1.0, 0.0, -0.8088836690616792, 0.0, 0.587968715090621, 0.7068682418072347, 0.0, 0.7649321736264212, 0.0
0.5823256366554459, 0.0, 0.8129556278751194, 0.0, 1.0, 0.0, -0.8129556278751194, 0.0, 0.5823256366554459, 0.7103698234492901, 0.0, 0.7632316828923021, 0.0
0.5766483168513868, 0.0, 0.8169924838531029, 0.0, 1.0, 0.0, -0.8169924838531029, 0.0, 0.5766483168513868, 0.7138631892662539, 0.0, 0.7615050206145769, 0.0
0.5709371284483514, 0.0, 0.8209937852134757, 0.0, 1.0, 0.0, -0.8209937852134757, 0.0, 0.5709371284483514, 0.7173480179049398, 0.0, 0.7597522506726725, 0.0
0.5651924508531593, 0.0, 0.8249590859543272, 0.0, 1.0, 0.0, -0.8249590859543272, 0.0, 0.5651924508531593, 0.7208239891003645, 0.0, 0.7579734417474526, 0.0
0.5594146700326132, 0.0, 0.828887945956691, 0.0, 1.0, 0.0, -0.828887945956691, 0.0, 0.5594146700326132, 0.7242907837467276, 0.0, 0.7561686673105442, 0.0
0.5536041784346465, 0.0, 0.8327799310860583, 0.0, 1.0, 0.0, -0.8327799310860583, 0.0, 0.5536041784346465, 0.7277480839683197, 0.0, 0.7543380056124006, 0.0
0.5477613749075674, 0.0, 0.8366346132926675, 0.0, 1.0, 0.0, -0.8366346132926675, 0.0, 0.5477613749075674, 0.7311955731903277, 0.0, 0.7524815396691042, 0.0
0.5418866646174334, 0.0, 0.8404515707105278, 0.0, 1.0, 0.0, -0.8404515707105278, 0.0, 0.5418866646174334, 0.7346329362095156, 0.0, 0.7505993572479119, 0.0
0.5359804589635716, 0.0, 0.844230387755143, 0.0, 1.0, 0.0, -0.844230387755143, 0.0, 0.5359804589635716, 0.7380598592647551, 0.0, 0.7486915508515413, 0.0
0.5300431754922811, 0.0, 0.8479706552198955, 0.0, 1.0, 0.0, -0.8479706552198955, 0.0, 0.5300431754922811, 0.7414760301073775, 0.0, 0.7467582177012092, 0.0
0.5240752378087385, 0.0, 0.8516719703710544, 0.0, 1.0, 0.0, -0.8516719703710544, 0.0, 0.5240752378087385, 0.7448811380713256, 0.0, 0.7447994597184175, 0.0
0.5180770754871415, 0.0, 0.8553339370413702, 0.0, 1.0, 0.0, -0.8553339370413702, 0.0, 0.5180770754871415, 0.7482748741430745, 0.0, 0.742815383505498, 0.0
0.5120491239791104, 0.0, 0.8589561657222246, 0.0, 1.0, 0.0, -0.8589561657222246, 0.0, 0.5120491239791104, 0.7516569310313044, 0.0, 0.7408061003249158, 0.0
0.5059918245203876, 0.0, 0.8625382736542937, 0.0, 1.0, 0.0, -0.8625382736542937, 0.0, 0.5059918245203876, 0.7550270032362902, 0.0, 0.7387717260773397, 0.0
0.49990562403586136, 0.0, 0.8660798849166951, 0.0, 1.0, 0.0, -0.8660798849166951, 0.0, 0.49990562403586136, 0.7583847871189913, 0.0, 0.7367123812784866, 0.0
0.49379097504294167, 0.0, 0.8695806305145837, 0.0, 1.0, 0.0, -0.8695806305145837, 0.0, 0.49379097504294167, 0.7617299809698093, 0.0, 0.734628191034741, 0.0
0.4876483355533271, 0.0, 0.8730401484651606, 0.0, 1.0, 0.0, -0.8730401484651606, 0.0, 0.4876483355533271, 0.7650622850769959, 0.0, 0.7325192850175636, 0.0
0.48147816897319085, 0.0, 0.8764580838820665, 0.0, 1.0, 0.0, -0.8764580838820665, 0.0, 0.48147816897319085, 0.7683814017946804, 0.0, 0.7303857974366909, 0.0
0.4752809440018213, 0.0, 0.8798340890581232, 0.0, 1.0, 0.0, -0.8798340890581232, 0.0, 0.4752809440018213, 0.7716870356104939, 0.0, 0.7282278670121367, 0.0
0.4690571345287522, 0.0, 0.8831678235463949, 0.0, 1.0, 0.0, -0.8831678235463949, 0.0, 0.4690571345287522, 0.774978893212767, 0.0, 0.7260456369450046, 0.0
0.4628072195294104, 0.0, 0.8864589542395385, 0.0, 1.0, 0.0, -0.8864589542395385, 0.0, 0.4628072195294104, 0.7782566835572768, 0.0, 0.7238392548871153, 0.0
0.45653168295933266, 0.0, 0.8897071554474086, 0.0, 1.0, 0.0, -0.8897071554474086, 0.0, 0.45653168295933266, 0.7815201179335136, 0.0, 0.7216088729094682, 0.0
0.4502310136469656, 0.0, 0.8929121089728965, 0.0, 1.0, 0.0, -0.8929121089728965, 0.0, 0.4502310136469656, 0.7847689100304529, 0.0, 0.7193546474695356, 0.0
0.4439057051851061, 0.0, 0.8960735041859644, 0.0, 1.0, 0.0, -0.8960735041859644, 0.0, 0.4439057051851061, 0.7880027760017998, 0.0, 0.7170767393774095, 0.0
0.437556255821003, 0.0, 0.899191038095857, 0.0, 1.0, 0.0, -0.899191038095857, 0.0, 0.437556255821003, 0.7912214345306894, 0.0, 0.7147753137608054, 0.0
0.4311831683451737, 0.0, 0.9022644154214537, 0.0, 1.0, 0.0, -0.9022644154214537, 0.0, 0.4311831683451737, 0.7944246068938121, 0.0, 0.7124505400289411, 0.0
0.4247869499789576, 0.0, 0.905293348659745, 0.0, 1.0, 0.0, -0.905293348659745, 0.0, 0.4247869499789576, 0.7976120170249492, 0.0, 0.7101025918352948, 0.0
0.41836811226086, 0.0, 0.908277558152399, 0.0, 1.0, 0.0, -0.908277558152399, 0.0, 0.41836811226086, 0.8007833915778904, 0.0, 0.707731647039262, 0.0
0.41192717093171405, 0.0, 0.9112167721504003, 0.0, 1.0, 0.0, -0.9112167721504003, 0.0, 0.41192717093171405, 0.8039384599887114, 0.0, 0.7053378876667192, 0.0
0.4054646458187119, 0.0, 0.9141107268767316, 0.0, 1.0, 0.0, -0.9141107268767316, 0.0, 0.4054646458187119, 0.807076954537391, 0.0, 0.7029214998695119, 0.0
0.3989810607183357, 0.0, 0.9169591665870797, 0.0, 1.0, 0.0, -0.9169591665870797, 0.0, 0.3989810607183357, 0.8101986104087433, 0.0, 0.7004826738838759, 0.0
0.39247694327823435, 0.0, 0.9197618436285415, 0.0, 1.0, 0.0, -0.9197618436285415, 0.0, 0.39247694327823435, 0.813303165752647, 0.0, 0.6980216039878108, 0.0
0.38595282487808946, 0.0, 0.922518518496308, 0.0, 1.0, 0.0, -0.922518518496308, 0.0, 0.38595282487808946, 0.8163903617435435, 0.0, 0.6955384884574185, 0.0
0.37940924050950575, 0.0, 0.9252289598883079, 0.0, 1.0, 0.0, -0.9252289598883079, 0.0, 0.37940924050950575, 0.819459942639192, 0.0, 0.6930335295222211, 0.0
0.3728467286549755, 0.0, 0.92789294475779, 0.0, 1.0, 0.0, -0.92789294475779, 0.0, 0.3728467286549755, 0.8225116558386507, 0.0, 0.690506933319475, 0.0
0.3662658311659528, 0.0, 0.9305102583638257, 0.0, 1.0, 0.0, -0.9305102583638257, 0.0, 0.3662658311659528, 0.8255452519394733, 0.0, 0.6879589098474972, 0.0
0.35966709314008827, 0.0, 0.9330806943197137, 0.0, 1.0, 0.0, -0.9330806943197137, 0.0, 0.35966709314008827, 0.8285604847940926, 0.0, 0.6853896729180202, 0.0
0.3530510627976603, 0.0, 0.9356040546392702, 0.0, 1.0, 0.0, -0.9356040546392702, 0.0, 0.3530510627976603, 0.8315571115653746, 0.0, 0.6827994401075915, 0.0
0.3464182913572518, 0.0, 0.9380801497809887, 0.0, 1.0, 0.0, -0.9380801497809887, 0.0, 0.3464182913572518, 0.8345348927813252, 0.0, 0.6801884327080373, 0.0
