0.35319927676769025, 0.8660250098378904, -0.35390811410034406, 0.6117531992920596, -0.5000006823234141, -0.6129904900013129, -0.7078193936638851, 3.376677631007137E-6, -0.7063934498152484, -0.4083053847850874, -0.6236323626049536, 0.18495615610389188, 0.0
0.3531838553327994, 0.8660376095148301, -0.35389267191918317, 0.6117621086484656, -0.49997885844755713, -0.6129993992880095, -0.7078193885125238, 3.3639487101183584E-6, -0.7063934549770692, -0.40828910069228036, -0.6236424207005248, 0.1849555589892376, 0.0
0.353137672208038, 0.8660753378331121, -0.35384642666663907, 0.6117887867177222, -0.49991350170424453, -0.6130260771453836, -0.7078193730846492, 3.325831161319979E-6, -0.7063934704362668, -0.4082403340368832, -0.6236725387101012, 0.18495377083905581, 0.0
0.3530608471703058, 0.8661380838398334, -0.35376949828616916, 0.6118331550486306, -0.4998047816013953, -0.6130704451134632, -0.7078193474175628, 3.2624304378292703E-6, -0.7063934961554587, -0.40815921100348834, -0.6237226285735661, 0.18495079644181894, 0.0
0.35295349736942694, 0.8662257301389624, -0.35366200409417914, 0.6118951306370745, -0.499652863931698, -0.6131324201732358, -0.7078193115459108, 3.173854147207341E-6, -0.706393532099919, -0.4080458548107598, -0.6237925974230091, 0.18494664058309956, 0.0
0.35281573736672084, 0.8663381529765395, -0.3535240588185974, 0.6119746259862243, -0.49945791082716195, -0.6132119148069349, -0.7078192655017226, 3.0602120244587958E-6, -0.7063935782375411, -0.4079003857547692, -0.6238823476461789, 0.1849413080456107, 0.0
0.3526476791745119, 0.8664752223246398, -0.3533557746383895, 0.6120715491658663, -0.4992200808149948, -0.6133088370574538, -0.7078192093144456, 2.921615906142515E-6, -0.7063936345388009, -0.4077229212533132, -0.6239917769489686, 0.18493480360924655, 0.0
0.35244943229654657, 0.8666368019641318, -0.3531572612239823, 0.6121858038708802, -0.498939528874767, -0.6134230905869044, -0.7078191430109856, 2.7581797054646506E-6, -0.7063937009767188, -0.40751357589117787, -0.6241207784169547, 0.1849271320511231, 0.0
0.35222110376928817, 0.8668227495662519, -0.3529286257785657, 0.6123172894788808, -0.4986164064968155, -0.6135545747343415, -0.7078190666157422, 2.570019388331243E-6, -0.7063937775268228, -0.4072724614663194, -0.624269240576012, 0.18491829814561916, 0.0
0.3519627982040579, 0.8670329167730311, -0.3526699730802435, 0.6124659011070462, -0.4982508617418473, -0.6137031845726729, -0.7078189801506479, 2.3572529503294425E-6, -0.7063938641671089, -0.4069996870369293, -0.6244370474520277, 0.18490830666441768, 0.0
0.35167461782999365, 0.8672671492765952, -0.35238140552500197, 0.6126315296681518, -0.4978430393016995, -0.6138688109647751, -0.7078188836352053, 2.120000394613148E-6, -0.7063939608780054, -0.4066953589693515, -0.6246240786297361, 0.18489716237654688, 0.0
0.3513566625377969, 0.8675252868973733, -0.35206302317046934, 0.6128140619258302, -0.49739308056121584, -0.6140513406188346, -0.707818777086526, 1.858383710664135E-6, -0.7063940676423331, -0.4063595809868232, -0.6248302093106981, 0.18488487004842186, 0.0
0.351009029924241, 0.8678071636612396, -0.35171492378043556, 0.6130133805490795, -0.49690112366119826, -0.6142506561429363, -0.7078186605193683, 1.57252685391014E-6, -0.7063941844452674, -0.4059924542190076, -0.6250553103704465, 0.18487143444388618, 0.0
0.35063181533740867, 0.8681126078756163, -0.35133720287010545, 0.6132293641660346, -0.49636730356239445, -0.6144666360989166, -0.7078185339461762, 1.2625557261596726E-6, -0.7063943112742992, -0.40559407725228963, -0.6252992484148203, 0.18485686032425375, 0.0
0.3502251119226368, 0.8684414422045711, -0.3509299537520571, 0.6134618874170299, -0.49579175211048254, -0.6146991550555059, -0.7078183973771179, 9.285981568429337E-7, -0.7063944481191976, -0.40516454618080616, -0.6255618858355125, 0.18484115244835075, 0.0
0.3497890106691365, 0.8687934837429334, -0.3504932675828793, 0.613710821006967, -0.49517459810201425, -0.6149480836407761, -0.707818250820125, 5.707838850242501E-7, -0.7063945949719695, -0.4047039546581816, -0.6258430808648509, 0.18482431557255766, 0.0
0.3493236004572644, 0.869168544089461, -0.3500272334104595, 0.6139760317570111, -0.4945159673512788, -0.6152132885939172, -0.7078180942809296, 1.892445421597909E-7, -0.7063947518268217, -0.4042123939499409, -0.6261426876298376, 0.18480635445085136, 0.0
0.3488289681064183, 0.8695664294190838, -0.34953193822189804, 0.6142573826556366, -0.4938159827580499, -0.6154946328163617, -0.7078179277631065, -2.1588636442068654E-7, -0.7063949186801212, -0.40368995298657323, -0.6264605562054693, 0.18478727383484775, 0.0
0.34830519842353136, 0.8699869405542577, -0.3490074669920214, 0.6145547329090397, -0.4930747643761817, -0.615791975422278, -0.7078177512681093, -6.444734673306113E-7, -0.7063950955303564, -0.4031367184172181, -0.6267965326673594, 0.18476707847384377, 0.0
0.3477523742521392, 0.8704298730354505, -0.34845390273246973, 0.6148679379909435, -0.49229242948301294, -0.6161051717884517, -0.7078175647953117, -1.0963795542811433E-6, -0.7063952823780977, -0.40255277466394807, -0.6271504591436872, 0.18474577311486026, 0.0
0.3471705765219953, 0.8708950171907968, -0.3478713265413334, 0.6151968496918089, -0.49146909264955013, -0.6164340736035782, -0.7078173683420457, -1.5714655825773902E-6, -0.7063954792259582, -0.4019382039766217, -0.6275221738664951, 0.18472336250268434, 0.0
0.3465598842992101, 0.8713821582049436, -0.3472598176533136, 0.6155413161674788, -0.4906048658113893, -0.616778528916982, -0.7078171619036416, -2.0695906930009653E-6, -0.7063956860785537, -0.4012930864882806, -0.6279115112223564, 0.1846998513799123, 0.0
0.34592037483688876, 0.8718910761871198, -0.3466194534903834, 0.61590118198727, -0.48969985834034546, -0.6171383821867904, -0.7078169454734676, -2.5906122230858267E-6, -0.7063959029424638, -0.40061750027106574, -0.6283183018024383, 0.18467524448699224, 0.0
0.3452521236262452, 0.8724215462384564, -0.3459503097129252, 0.6162762881815379, -0.48875417711675534, -0.6175134743275722, -0.7078167190429693, -3.1343857198303307E-6, -0.7063961298261916, -0.39991152139262737, -0.6287423724519788, 0.18464954656226704, 0.0
0.3445552044481671, 0.872973338518584, -0.34525246027131984, 0.6166664722887291, -0.4877679266024181, -0.6179036427574708, -0.7078164826017093, -3.700764951847235E-6, -0.7063963667401245, -0.3991752239730047, -0.6291835463192039, 0.18462276234201722, 0.0
0.3438296894252105, 0.8735462183115418, -0.34452597745796665, 0.6170715684019461, -0.486741208914145, -0.6183087214448449, -0.7078162361374069, -4.289601921003694E-6, -0.7063966136964939, -0.3984086802419501, -0.6296416429037042, 0.18459489656050407, 0.0
0.34307564907399957, 0.8741399460910175, -0.3437709319597086, 0.6174914072150423, -0.48567412389788217, -0.6187285409544409, -0.7078159796359791, -4.9007468735338955E-6, -0.7063968707093358, -0.3976119605966751, -0.6301164781042945, 0.1845659539500126, 0.0
0.3422931523580101, 0.874754277584955, -0.34298739291064256, 0.6179258160682664, -0.48456676920337594, -0.619162928493114, -0.7078157130815782, -5.534048310712816E-6, -0.7063971377944499, -0.39678513365999346, -0.6306078642663783, 0.18453593924089468, 0.0
0.3414822667407144, 0.8753889638395499, -0.34217542794529066, 0.6183746189934768, -0.4834192403593502, -0.6196117079551201, -0.7078154364566344, -6.189352999015629E-6, -0.7063974149693613, -0.3959282663388388, -0.6311156102288381, 0.18450485716161225, 0.0
0.340643058239065, 0.8760437512826668, -0.3413351032521119, 0.6188376367589459, -0.4822316308491636, -0.6200746999669949, -0.707815149741894, -6.866505979906748E-6, -0.7063977022532781, -0.3950414238831342, -0.6316395213704743, 0.18447271243878058, 0.0
0.33977559147729625, 0.8767183817867018, -0.34046648362733223, 0.6193146869137715, -0.4810040321869168, -0.6205517219320437, -0.7078148529164604, -7.565350579179578E-6, -0.7063979996670537, -0.3941246699449896, -0.6321793996560134, 0.18443950979721135, 0.0
0.3388799297410226, 0.8774125927309178, -0.3395696325290706, 0.6198055838319185, -0.479736533993978, -0.6210425880744567, -0.7078145459578336, -8.285728415916363E-6, -0.7063983072331448, -0.39317806663820737, -0.6327350436817071, 0.1844052539599562, 0.0
0.337956135031612, 0.8781261170632818, -0.33864461213174224, 0.6203101387559042, -0.4784292240759002, -0.6215471094830726, -0.7078142288419508, -9.027479411078537E-6, -0.7063986249755722, -0.39220167459807104, -0.6333062487205429, 0.18436994964834974, 0.0
0.3370042681208138, 0.878858683361828, -0.3376914833807161, 0.6208281598401529, -0.4770821884996977, -0.6220650941548066, -0.7078139015432264, -9.790441795781354E-6, -0.7063989529198801, -0.3911955530413982, -0.6338928067670886, 0.18433360158205325, 0.0
0.33602438860562134, 0.8796100158955755, -0.33671030604720675, 0.6213594521940311, -0.47569551167145385, -0.6225963470377636, -0.7078135640345923, -1.0574452119202493E-5, -0.7063992910930963, -0.3901597598268342, -0.6344945065819895, 0.18429621447909772, 0.0
0.33501655496334787, 0.8803798346850242, -0.3357011387833814, 0.6219038179245896, -0.4742692764142324, -0.6231406700740525, -0.7078132162875378, -1.1379345256216575E-5, -0.7063996395236916, -0.38909435151536653, -0.6351111337361396, 0.18425779305592743, 0.0
0.33398082460689654, 0.8811678555622591, -0.33466403917766074, 0.6224610561790236, -0.47280356404626284, -0.6236978622423244, -0.7078128582721507, -1.2204954414771207E-5, -0.7063999982415397, -0.3879993834310387, -0.6357424706545481, 0.18421834202744328, 0.0
0.33291725394020494, 0.881973790230682, -0.3335990638101938, 0.6230309631868738, -0.47129845445937246, -0.6242677196000471, -0.7078124899571561, -1.3051111142949046E-5, -0.7064003672778767, -0.3868749097218431, -0.63638829665992, 0.18417786610704615, 0.0
0.3318258984138437, 0.8827973463244035, -0.33250626830848856, 0.623613332301984, -0.469754026197637, -0.624850035325537, -0.7078121113099582, -1.3917645335856377E-5, -0.706400746665261, -0.38572098342077177, -0.6370483880159696, 0.18413637000668037, 0.0
0.33070681258075096, 0.8836382274673132, -0.33138570740317796, 0.6242079540442336, -0.4681703565362237, -0.6254445997597684, -0.7078117222966797, -1.4804385242230683E-5, -0.706401136437533, -0.38453765650700633, -0.6377225179704904, 0.18409385843687712, 0.0
0.32956005015208284, 0.8844961333318588, -0.3302374349839021, 0.624814616141063, -0.46654752156039786, -0.6260512004479712, -0.7078113228822019, -1.5711157470912895E-5, -0.7064015366297747, -0.3833249799672256, -0.6384104567981961, 0.18405033610679775, 0.0
0.3283856640531615, 0.8853707596975536, -0.32906150415528823, 0.6254331035688075, -0.4648855962446682, -0.6266696221810408, -0.7078109130302056, -1.6637786997109744E-5, -0.7064019472782692, -0.3820830038570117, -0.6391119718433543, 0.18400580772427713, 0.0
0.3271837064795012, 0.8862617985092391, -0.3278579672930098, 0.6260631985938586, -0.4631846545320432, -0.6272996470367719, -0.7078104927032111, -1.7584097168513863E-5, -0.7064023684204611, -0.38081177736233607, -0.6398268275622323, 0.18396027799586726, 0.0
0.32595422895289605, 0.8871689379351261, -0.3266268760999059, 0.6267046808136665, -0.46144476941337315, -0.6279410544209377, -0.7078100618626182, -1.8549909711253892E-5, -0.7064028000949156, -0.37951134886110405, -0.6405547855653707, 0.18391375162688023, 0.0
0.3246972823775483, 0.8880918624246364, -0.3253682816621424, 0.6273573271976056, -0.459666013006751, -0.6285936211082271, -0.7078096204687464, -1.953504473578213E-5, -0.7064032423412785, -0.3781817659847415, -0.6412956046597063, 0.18386623332143187, 0.0
0.32341291709622133, 0.8890302527660694, -0.3240822345053975, 0.6280209121277126, -0.45784845663694784, -0.6292571212830576, -0.7078091684808755, -2.0539320742623407E-5, -0.7064036952002359, -0.376823075679802, -0.6420490408905603, 0.18381772778248492, 0.0
0.32210118294639845, 0.8899837861441143, -0.32276878465105335, 0.6286952074393167, -0.4559921709148564, -0.6299313265802795, -0.7078087058572854, -2.1562554628061503E-5, -0.706404158713474, -0.3754353242695775, -0.6428148475835094, 0.18376823971189224, 0.0
0.32076212931642945, 0.890952136197233, -0.3214279816723755, 0.629379982461579, -0.45409722581691747, -0.6306160061257894, -0.7078082325552963, -2.260456168975966E-5, -0.706404632923639, -0.37401855751569324, -0.6435927753861588, 0.18371777381044008, 0.0
0.3193958052016487, 0.8919349730749321, -0.3200598747506634, 0.6300750040579532, -0.45216369076450647, -0.6313109265770629, -0.7078077485313089, -2.3665155632322105E-5, -0.7064051178742972, -0.3725728206796692, -0.6443825723098322, 0.18366633477789124, 0.0
0.3180022592604454, 0.8929319634949467, -0.3186645127313536, 0.6307800366665838, -0.4501916347032513, -0.6320158521636282, -0.707807253740844, -2.474414857286597E-5, -0.7064056136098944, -0.37109815858442824, -0.6451839837711966, 0.1836139273130283, 0.0
0.3165815398702709, 0.8939427708003592, -0.31724194418005996, 0.6314948423406578, -0.44818112618226214, -0.6327305447274904, -0.7078067481385831, -2.5841351046558547E-5, -0.7064061201757166, -0.36959461567573537, -0.645996752633839, 0.1835605561136966, 0.0
0.31513369518356366, 0.8949670550166683, -0.31579221743853103, 0.6322191807887232, -0.4461322334332445, -0.6334547637635227, -0.7078062316784081, -2.695657201217186E-5, -0.7064066376178488, -0.3680622360835474, -0.6468206192498088, 0.18350622587684726, 0.0
0.3136587731835772, 0.8960044729088346, -0.31431538068051085, 0.6329528094149885, -0.44404502444947463, -0.6341882664598412, -0.7078057043134409, -2.8089618857647658E-5, -0.7064071659831367, -0.36650106368325747, -0.6476553215011452, 0.1834509412985802, 0.0
0.3121568217400927, 0.8970546780383182, -0.31281148196748354, 0.633695483359618, -0.44191956706461216, -0.6349308077381706, -0.707805165996084, -2.924029740578732E-5, -0.7064077053191455, -0.3649111421568161, -0.6485005948414013, 0.1833947070741871, 0.0
0.3106278886649996, 0.8981173208201274, -0.31128056930428694, 0.6344469555390351, -0.43975592903132626, -0.6356821402942233, -0.7078046166780592, -3.0408411919854994E-5, -0.7064082556741209, -0.3632925150537105, -0.6493561723371827, 0.18333752789819413, 0.0
0.30907202176772897, 0.8991920485799012, -0.3097226906945776, 0.6352069766862488, -0.437554178099712, -0.6364420146380977, -0.707804056310448, -3.159376510939588E-5, -0.7064088170969486, -0.3616452258517862, -0.6502217847097147, 0.18327940846440485, 0.0
0.3074892689105219, 0.9002785056110396, -0.308137894196131, 0.6359752953912148, -0.4353143820954752, -0.6372101791347119, -0.707803484843731, -3.279615813608916E-5, -0.7064093896371154, -0.3599693180178924, -0.6510971603764524, 0.18322035346594281, 0.0
0.3058796780635168, 0.9013763332319015, -0.3065262279759615, 0.6367516581412433, -0.4330366089978595, -0.6379863800442858, -0.707802902227828, -3.4015390619673846E-5, -0.7064099733446696, -0.3582648350683353, -0.6519820254927464, 0.18316036759529417, 0.0
0.3042432973596407, 0.9024851698430888, -0.30488774036524413, 0.6375358093614694, -0.43072092701729714, -0.6387703615628829, -0.7078023084121366, -3.5251260644110494E-5, -0.7064105682701803, -0.3565318206291214, -0.652876103993582, 0.18309945554435028, 0.0
0.3025801751492863, 0.9036046509848301, -0.30322247991402373, 0.6383274914553925, -0.42836740467275647, -0.6395618658630239, -0.7078017033455718, -3.6503564763756824E-5, -0.7064111744646998, -0.3547703184959745, -0.6537791176353998, 0.18303762200445012, 0.0
0.300890360054762, 0.9047344093944857, -0.3015304954456953, 0.6391264448455019, -0.42597611086876624, -0.6403606331343845, -0.707801086976606, -3.777209800975845E-5, -0.706411791979723, -0.3529803726941095, -0.6546907860380148, 0.18297487166642257, 0.0
0.29917390102449565, 0.9058740750641848, -0.2998118361112392, 0.6399324080139968, -0.42354711497209496, -0.6411664016245877, -0.7078004592533073, -3.905665389659918E-5, -0.7064124208671482, -0.3511620275377466, -0.6556108267266462, 0.1829112092206288, 0.0
0.2974308473869791, 0.9070232752986134, -0.29806655144319527, 0.6407451175436112, -0.42108048688806043, -0.6419789076801025, -0.7077998201233787, -4.0357024428915034E-5, -0.7064130611792389, -0.3493153276893493, -0.6565389551740669, 0.18284663935700432, 0.0
0.2956612489044366, 0.9081816347729674, -0.2962946914093621, 0.6415643081585575, -0.41857629713644967, -0.6427978857872589, -0.707799169534198, -4.167300010827352E-5, -0.7064137129685838, -0.3474403182185697, -0.6574748848428901, 0.18278116676510095, 0.0
0.2938651558262021, 0.9093487755910852, -0.2944963064662032, 0.6423897127655952, -0.4160346169270269, -0.643623068613391, -0.7077985074328554, -4.3004369940466414E-5, -0.706414376288058, -0.3455370446608851, -0.658418327227999, 0.18271479613412897, 0.0
0.29204261894179034, 0.9105243173437747, -0.29267144761194797, 0.6432210624952389, -0.41345551823460863, -0.6444541870481152, -0.7077978337661935, -4.435092144284419E-5, -0.7064150511907851, -0.3436055530759102, -0.6593689918991357, 0.18264753215299867, 0.0
0.2901936896336458, 0.9117078771673461, -0.29082016643936903, 0.6440580867431106, -0.4108390738736809, -0.645290970244757, -0.7077971484808449, -4.571244065180308E-5, -0.7064157377300972, -0.3416458901053672, -0.6603265865436553, 0.1825793795103622, 0.0
0.28831841992955504, 0.9128990698023675, -0.2889425151882235, 0.644900513211449, -0.40818535757254354, -0.6461331456619325, -0.707796451523271, -4.708871213086191E-5, -0.7064164359594975, -0.33965810303070065, -0.6612908170094608, 0.18251034289465515, 0.0
0.2864168625547077, 0.9140975076526506, -0.28703854679734153, 0.6457480679507849, -0.40549444404695395, -0.6469804391052948, -0.7077957428398012, -4.847951897857944E-5, -0.7064171459326211, -0.33764223983031816, -0.6622613873481237, 0.18244042699413782, 0.0
0.28448907098339027, 0.9153028008444852, -0.2851083149563479, 0.6466004754017866, -0.402766409073253, -0.6478325747694542, -0.7077950223766701, -4.9884642837089155E-5, -0.7064178677031968, -0.33559834923644394, -0.6632379998582045, 0.18236963649693666, 0.0
0.28253509949029904, 0.9165145572861264, -0.2831518741570016, 0.6474574584372907, -0.4000013295609518, -0.6486892752800795, -0.7077942900800561, -5.130386390062025E-5, -0.7064186013250094, -0.33352648079156744, -0.6642203551287786, 0.18229797609108528, 0.0
0.28055500320145627, 0.9177323827275535, -0.28116927974413913, 0.6483187384045201, -0.39719928362475687, -0.6495502617361886, -0.7077935458961195, -5.2736960924767984E-5, -0.7064193468518616, -0.3314266849044736, -0.66520815208318, 0.18222545046456567, 0.0
0.27854883814471704, 0.9189558808205047, -0.2791605879662068, 0.6491840351674992, -0.3943603506560155, -0.6504152537526371, -0.7077927897710398, -5.418371123541016E-5, -0.7064201043375351, -0.32929901290583735, -0.6662010880229671, 0.18215206430534875, 0.0
0.27651666129985003, 0.9201846531788015, -0.2771258560253671, 0.6500530671496736, -0.391484611393559, -0.651283969502809, -0.7077920216510538, -5.56438907386575E-5, -0.7064208738357549, -0.3271435171033686, -0.6671988586721239, 0.18207782230143532, 0.0
0.27445853064817943, 0.9214182994389706, -0.2750651421271655, 0.6509255513767397, -0.3885721479939246, -0.6521561257615194, -0.7077912414824936, -5.711727393058197E-5, -0.7064216554001492, -0.3249602508364918, -0.6682011582214991, 0.1820027291408964, 0.0
0.2723745052217731, 0.9226564173211727, -0.272978505529743, 0.651801203519693, -0.3856230441009352, -0.6530314379481342, -0.7077904492118229, -5.86036339075835E-5, -0.7064224490842147, -0.3227492685305452, -0.6692076793734941, 0.1819267895119137, 0.0
0.27026464515216336, 0.9238986026904485, -0.27086600659258037, 0.6526797379380974, -0.38263738491461724, -0.6539096201699125, -0.7077896447856746, -6.010274237704116E-5, -0.7064232549412772, -0.3205106257504845, -0.6702181133870051, 0.1818500081028198, 0.0
0.2681290117185857, 0.9251444496182855, -0.2687277068247602, 0.653560867723586, -0.37961525725943795, -0.6547903852655779, -0.7077888281508884, -6.161436966833911E-5, -0.7064240730244556, -0.318244379254077, -0.671232150122626, 0.18177238960213796, 0.0
0.26596766739572275, 0.9263935504445173, -0.266563668932733, 0.6544443047435925, -0.37655674965184, -0.6556734448491239, -0.7077879992545465, -6.313828474407979E-5, -0.7064249033866253, -0.31595058704457013, -0.6722494780881192, 0.18169393869862221, 0.0
0.2637806759009378, 0.9276454958395621, -0.2643739568675728, 0.655329759685325, -0.3734619523670565, -0.6565585093538582, -0.7077871580440114, -6.467425521214376E-5, -0.7064257460803806, -0.31362930842282066, -0.6732697844841579, 0.18161466008129684, 0.0
0.2615681022409862, 0.9288998748670027, -0.26215863587170957, 0.6562169420999816, -0.3703309575051849, -0.6574452880766902, -0.7077863044669616, -6.622204733747195E-5, -0.7064266011579985, -0.31128060403887003, -0.6742927552503475, 0.18153455843949573, 0.0
0.25933001275819006, 0.9301562750465184, -0.259917772525124, 0.6571055604472127, -0.36716385905650273, -0.6583334892226665, -0.7077854384714278, -6.778142605490256E-5, -0.7064274686714035, -0.30890453594295103, -0.6753180751115302, 0.18145363846290177, 0.0
0.2570664751760623, 0.9314142824171734, -0.25765143479099195, 0.6579953221398376, -0.36396075296600383, -0.6592228199497576, -0.7077845600058298, -6.935215498195257E-5, -0.7064283486721299, -0.3065011676359108, -0.676345427624376, 0.18137190484158572, 0.0
0.25477755864436885, 0.9326734816010619, -0.2553596920607648, 0.6588859335888131, -0.36072173719713874, -0.6601129864138989, -0.7077836690190112, -7.093399643232079E-5, -0.706429241211287, -0.30407056411903866, -0.6773744952242658, 0.18128936226604503, 0.0
0.25246333378361213, 0.933933455867323, -0.2530426151986722, 0.6597771002484615, -0.3574469117947377, -0.6610036938142906, -0.707782765460276, -7.252671142948808E-5, -0.7064301463395232, -0.3016127919432805, -0.6784049592724707, 0.1812060154272425, 0.0
0.2501238727289273, 0.9351937871965197, -0.250700276585635, 0.6606685266619589, -0.35413637894710104, -0.6618946464389568, -0.707781849279423, -7.413005972109477E-5, -0.70643106410699, -0.2991279192578298, -0.679436500103628, 0.1811218690166445, 0.0
0.24775924917337427, 0.9364540563453918, -0.24833275016257414, 0.6615599165070862, -0.3507902430472353, -0.6627855477105687, -0.7077809204267822, -7.574379979356782E-5, -0.706431994563308, -0.29661601585807873, -0.68046879707352, 0.18103692772625923, 0.0
0.2453695384106147, 0.9377138429119827, -0.24594011147310452, 0.6624509726422451, -0.3474086107532195, -0.6636761002325315, -0.7077799788532487, -7.736768888713663E-5, -0.7064329377575307, -0.29407715323291705, -0.6815015286071568, 0.18095119624867448, 0.0
0.24295481737696192, 0.9389727254011426, -0.24352243770559873, 0.6633413971527403, -0.3439915910476822, -0.664566005835338, -0.707779024510318, -7.900148301148713E-5, -0.7064338937381105, -0.2915114046113644, -0.6825343722471637, 0.18086467927709532, 0.0
0.24051516469278805, 0.9402302812904106, -0.24107980773460969, 0.6642308913973294, -0.34053929529637184, -0.665454965623189, -0.7077780573501202, -8.06449369616935E-5, -0.706434862552864, -0.28891884500852255, -0.6835670047024778, 0.18077738150538142, 0.0
0.23805066070328024, 0.9414860870962747, -0.23861230216163987, 0.6651191560550408, -0.33705183730580285, -0.6663426800208829, -0.7077770773254543, -8.22978043347189E-5, -0.7064358442489376, -0.2862995512708355, -0.6845991018973522, 0.18068930762808422, 0.0
0.23556138751852984, 0.9427397184408136, -0.23612000335524377, 0.6660058911722604, -0.3335293333799607, -0.667228848820974, -0.707776084389822, -8.395983754622138E-5, -0.7064368388727738, -0.28365360212064206, -0.6856303390206709, 0.18060046234048382, 0.0
0.2330474290529446, 0.9439907501187185, -0.2336029954904513, 0.6668907962100877, -0.32997190237604657, -0.6681131712311977, -0.7077750784974616, -8.563078784828981E-5, -0.706437846470077, -0.28098107820000934, -0.6866603905755738, 0.18051085033862546, 0.0
0.2305088710639712, 0.9452387561646923, -0.23106136458750207, 0.6677735700919604, -0.32637966575924765, -0.6689953459221666, -0.7077740596033815, -8.731040534684653E-5, -0.7064388670857812, -0.2782820621138346, -0.6876889304293907, 0.18042047631935595, 0.0
0.22794580119011607, 0.9464833099212309, -0.22849519854987585, 0.6686539112515455, -0.3227527476565133, -0.6698750710753322, -0.7077730276633932, -8.899843902042404E-5, -0.706439900764015, -0.27555663847220085, -0.6887156318638876, 0.18032934498035955, 0.0
0.22535830898825276, 0.9477239841067785, -0.22590458720160983, 0.6695315176808989, -0.3190912749093235, -0.6707520444312149, -0.7077719826341442, -9.069463673885836E-5, -0.7064409475480704, -0.27280489393197527, -0.6897401676258199, 0.18023746102019383, 0.0
0.22274648597020455, 0.9489603508842611, -0.2232896223238892, 0.6704060869788905, -0.31539537712542887, -0.6716259633378987, -0.70777092447315, -9.239874528249592E-5, -0.7064420074803693, -0.27002691723763694, -0.690762209977795, 0.18014482913832502, 0.0
0.22011042563859085, 0.9501919819299917, -0.22065039769090125, 0.6712773163998914, -0.3116651867295518, -0.6724965247997892, -0.7077698531388281, -9.411051036228857E-5, -0.7064430806024314, -0.26722279926132225, -0.6917814307494411, 0.1800514540351632, 0.0
0.21745022352192522, 0.951418448502943, -0.21798700910494034, 0.6721449029027241, -0.30790083901302645, -0.673363425526633, -0.7077687685905277, -9.582967663979147E-5, -0.7064441669548421, -0.2643926330420751, -0.6927975013888805, 0.17995734041209707, 0.0
0.21476597720895577, 0.952639321514392, -0.21529955443075346, 0.673008543199872, -0.3041024721823681, -0.6742263619827972, -0.7077676707885633, -9.755598774838226E-5, -0.7064452665772211, -0.26153651382429044, -0.693810093014506, 0.17986249297152845, 0.0
0.2120577863822345, 0.953854171597921, -0.21258813362911472, 0.6738679338069437, -0.30027022740674986, -0.6750850304368029, -0.707766559694245, -9.928918631414707E-5, -0.7064463795081903, -0.2586545390953382, -0.6948188764670558, 0.17976691641690656, 0.0
0.20932575285090682, 0.95506256917978, -0.2098528487896189, 0.674722771092392, -0.29640424886437766, -0.6759391270111145, -0.7077654352699096, -1.0102901397815445E-4, -0.706447505785344, -0.2557468086223581, -0.6958235223619855, 0.17967061545276172, 0.0
0.20656998058271, 0.9562640845496013, -0.20709380416268247, 0.6755727513274821, -0.29250468378774486, -0.6767883477321749, -0.7077642974789522, -1.0277521141839607E-4, -0.7064486454452162, -0.25281342448821154, -0.6968237011421341, 0.1795735947847389, 0.0
0.20379057573516898, 0.9574582879314606, -0.20431110619074136, 0.6764175707365049, -0.2885716825077505, -0.6776323885806899, -0.7077631462858558, -1.0452751837279617E-4, -0.7064497985232525, -0.2498544911265796, -0.6978190831306775, 0.17947585911963093, 0.0
0.2009876466859815, 0.9586447495552802, -0.20150486353863756, 0.6772569255472327, -0.284605398496672, -0.6784709455421508, -0.707761981656221, -1.0628567366276209E-4, -0.7064509650537781, -0.24687011535619766, -0.6988093385843691, 0.17937741316541134, 0.0
0.1981613040625801, 0.9598230397285672, -0.19867518712318064, 0.6780905120416113, -0.2806059884099714, -0.6793037146575958, -0.707760803556797, -1.0804941521652678E-4, -0.7064521450699691, -0.2438604064142132, -0.6997941377470593, 0.1792782616312667, 0.0
0.19531166077086257, 0.9609927289084791, -0.19582219014187766, 0.6789180266066834, -0.2765736121269266, -0.6801303920746011, -0.70775961195551, -1.0981848009407325E-4, -0.7064533386038226, -0.2408254759886586, -0.7007731509034912, 0.1791784092276288, 0.0
0.1924388320230808, 0.9621533877742107, -0.1929459881008198, 0.6797391657857416, -0.2725084327900694, -0.6809506740985019, -0.7077584068214919, -1.1159260451171216E-4, -0.7064545456861283, -0.23776543825002497, -0.7017460484333669, 0.1790778606662063, 0.0
0.18954293536487773, 0.9633045872996927, -0.19004669884171688, 0.6805536263296983, -0.2684106168434215, -0.68176425724383, -0.7077571881251106, -1.1337152386739491E-4, -0.7064557663464389, -0.23468040988193054, -0.7027125008656775, 0.17897662066001613, 0.0
0.18662409070146516, 0.9644458988265957, -0.18712444256807068, 0.681361105248675, -0.2642803340695106, -0.68257083828597, -0.707755955837996, -1.1515497276690101E-4, -0.7064570006130428, -0.23157051011087032, -0.7036721789332925, 0.1788746939234144, 0.0
0.18368242032292958, 0.9655768941376284, -0.18417934187047616, 0.6821612998637984, -0.2601177576251563, -0.6833701143130224, -0.7077547099330697, -1.1694268504994221E-4, -0.7064582485129356, -0.22843586073503785, -0.7046247536278, 0.178772085172127, 0.0
0.18071804892866156, 0.9666971455301232, -0.18121152175104535, 0.6829539078591991, -0.25592306407601373, -0.6841617827778698, -0.7077534503845717, -1.1873439381734907E-4, -0.7064595100717926, -0.2252765861522103, -0.7055698962545941, 0.17866879912327974, 0.0
0.17773110365089584, 0.9678062258898978, -0.17822110964693993, 0.6837386273342074, -0.25169643342985976, -0.6849455415504373, -0.7077521771680877, -1.205298314582437E-4, -0.7064607853139419, -0.22209281338668563, -0.7065072784881985, 0.17856484049542798, 0.0
0.17472171407735745, 0.9689037087653822, -0.17520823545300968, 0.6845151568557354, -0.2474380491686132, -0.6857210889701428, -0.7077508902605759, -1.223287296781006E-4, -0.7064620742623371, -0.218884672115264, -0.7074365724278222, 0.1784602140085862, 0.0
0.1716900122730011, 0.9699891684420036, -0.1721730315435232, 0.6852831955108425, -0.2431480982790734, -0.6864881238985262, -0.7077495896403933, -1.2413081952722393E-4, -0.706463376938532, -0.21565229469226288, -0.708357450653138, 0.17835492438425674, 0.0
0.16863613280084117, 0.9710621800168125, -0.16911563279298747, 0.686042442959471, -0.23882677128237093, -0.6872463457720518, -0.7077482752873211, -1.2593583142944675E-4, -0.7064646933626538, -0.21239581617355863, -0.7092695862802747, 0.17824897634545836, 0.0
0.16556021274185906, 0.9721223194733455, -0.1660361765960447, 0.6867925994873506, -0.23447426226211274, -0.6879954546550764, -0.7077469471825915, -1.27743495211885E-4, -0.7064660235533776, -0.2091153743396431, -0.7101726530180172, 0.17814237461675422, 0.0
0.1624623917139841, 0.973169163756707, -0.16293480288644105, 0.6875333660590554, -0.2300907688912175, -0.688735151292972, -0.707745605308911, -1.2955354013452491E-4, -0.7064673675279016, -0.20581110971769098, -0.7110663252242035, 0.17803512392427964, 0.0
0.1593428118901389, 0.9742022908488603, -0.15981165415505869, 0.6882644443712119, -0.2256764924574256, -0.6894651371653974, -0.7077442496504868, -1.3136569492103178E-4, -0.7064687253019226, -0.2024831656026246, -0.7119502779623096, 0.17792722899576913, 0.0
0.1562016180153421, 0.9752212798441156, -0.15666687546700522, 0.6889855369058447, -0.22123163788747693, -0.6901851145397073, -0.70774288019305, -1.331796877892255E-4, -0.7064700968896112, -0.19913168807717288, -0.712824187058214, 0.17781869456058313, 0.0
0.15303895742286286, 0.9762257110247996, -0.15350061447775223, 0.6896963469838516, -0.21675641376994545, -0.6908947865244915, -0.7077414969238794, -1.3499524648263872E-4, -0.7064714823035885, -0.195756826030914, -0.7136877291571319, 0.1777095253497343, 0.0
0.1498549800494181, 0.9772151659370961, -0.15031302144831704, 0.6903965788185992, -0.2122510323767201, -0.6915938571232325, -0.7077400998318255, -1.36812098302741E-4, -0.7064728815549026, -0.1923587311782943, -0.714540581780707, 0.1775997260959133, 0.0
0.14664983844940832, 0.9781892274670412, -0.14710424925948104, 0.6910859375696286, -0.2077157096831255, -0.6922820312880746, -0.7077386889073324, -1.3862997014046918E-4, -0.7064742946530054, -0.18893755807561843, -0.7153824233842543, 0.177489301533514, 0.0
0.1434236878081847, 0.9791474799166603, -0.14387445342503896, 0.6917641293964616, -0.2031506653866714, -0.692959014973691, -0.7077372641424611, -1.4044858851006148E-4, -0.7064757216057309, -0.18549346413700077, -0.7162129334141392, 0.17737825639865845, 0.0
0.14017668595434146, 0.9800895090802312, -0.1406237921040715, 0.6924308615124961, -0.198556122924423, -0.6936245151912407, -0.7077358255309112, -1.4226767958155917E-4, -0.7064771624192723, -0.18202660964927364, -0.7170317923652846, 0.17726659542922113, 0.0
0.136908993371029, 0.9810149023206596, -0.1373524261122387, 0.6930858422389804, -0.1939323094889859, -0.6942782400624055, -0.7077343730680421, -1.4408696921477948E-4, -0.7064786170981614, -0.17853715778584575, -0.7178386818387943, 0.1771543233648528, 0.0
0.13362077320628066, 0.9819232486459496, -0.13406051893208518, 0.6937287810590571, -0.1892794560430952, -0.694919898873492, -0.7077329067508945, -1.4590618299373248E-4, -0.7064800856452469, -0.1750252746195031, -0.7186332845996803, 0.17704144494700386, 0.0
0.13031219128234903, 0.9828141387857562, -0.13074823672235408, 0.6943593886718631, -0.18459779733280393, -0.695549202129593, -0.7077314265782104, -1.477250462610935E-4, -0.706481568061674, -0.17149112913414813, -0.7194152846346831, 0.17692796491894713, 0.0
0.126983416104048, 0.983687165268, -0.1274157483263061, 0.6949773770466748, -0.17988757189926308, -0.6961658616087916, -0.707729932550454, -1.4954328415320295E-4, -0.7064830643468645, -0.16793489323547195, -0.7201843672101725, 0.17681388802580034, 0.0
0.12363461886609306, 0.9845419224955325, -0.12406322527903507, 0.6955824594770894, -0.17514902208908542, -0.6967695904164016, -0.7077284246698298, -1.513606216358987E-4, -0.7064845744984974, -0.16435674176055126, -0.7209402189301167, 0.17669921901454763, 0.0
0.12026597345943908, 0.9853780068228305, -0.12069084181378054, 0.6961743506352269, -0.17038239406329073, -0.6973601030392269, -0.7077269029403033, -1.5317678354023756E-4, -0.7064860985124897, -0.16075685248637003, -0.7216825277941077, 0.17658396263406112, 0.0
0.11687765647660835, 0.9861950166327058, -0.1172987748672294, 0.6967527666259427, -0.16558793780482214, -0.6979371153998337, -0.7077253673676184, -1.5499149459899386E-4, -0.7064876363829773, -0.15713540613725568, -0.7224109832554284, 0.17646812363512152, 0.0
0.11346984721600814, 0.9869925524130104, -0.1138872040838059, 0.6973174250410388, -0.16076590712463226, -0.6985003449108164, -0.707723817959316, -1.5680447948349108E-4, -0.7064891881022979, -0.15349258639123065, -0.7231252762791508, 0.17635170677043832, 0.0
0.11004272768523123, 0.9877702168333231, -0.11045631181894375, 0.6978680450134594, -0.15591655966633133, -0.6990495105290522, -0.7077222547247516, -1.586154628407388E-4, -0.7064907536609724, -0.1498285798852702, -0.7238250994002504, 0.17623471679466945, 0.0
0.10659648260333951, 0.9885276148215947, -0.10700628314134042, 0.698404347271462, -0.151040156909395, -0.6995843328099252, -0.7077206776751114, -1.6042416933109704E-4, -0.706492333047689, -0.14614357621946766, -0.7245101467817231, 0.1761171584644405, 0.0
0.1031312994021246, 0.9892643536407378, -0.10353730583418752, 0.6989260541927446, -0.146136964170927, -0.7001045339615117, -0.7077190868234301, -1.622303236664957E-4, -0.7064939262492863, -0.1424377679600995, -0.7251801142726921, 0.1759990365383631, 0.0
0.09964736822634661, 0.9899800429651414, -0.10004957039537707, 0.6994328898585228, -0.14120725060597303, -0.7006098378987103, -0.7077174821846062, -1.6403365064851516E-4, -0.7064955332507369, -0.1387113506415898, -0.7258346994664899, 0.17588035577705308, 0.0
0.09614488193294433, 0.9906742949570886, -0.09654327003668062, 0.6999245801075398, -0.1362512892063818, -0.7010999702973056, -0.7077158637754168, -1.6583387520729964E-4, -0.7064971540351324, -0.1349645227673697, -0.7264736017587009, 0.17576112094314772, 0.0
0.09262403608921978, 0.9913467243430645, -0.09301860068189946, 0.7004008525899957, -0.13126935679821342, -0.7015746586479518, -0.7077142316145336, -1.676307224409146E-4, -0.7064987885836683, -0.1311974858096307, -0.7270965224051521, 0.17564133680132282, 0.0
0.08908502896999088, 0.9919969484899296, -0.0894757609639833, 0.7008614368213852, -0.12626173403768914, -0.7020336323100618, -0.7077125857225369, -1.694239176543988E-4, -0.7065004368756305, -0.127410444207968, -0.7277031645798345, 0.17552100811830873, 0.0
0.08552806155371549, 0.9926245874809402, -0.08591495222111822, 0.701306064236226, -0.12122870540568356, -0.7024766225655884, -0.7077109261219287, -1.7121318640006544E-4, -0.7065020988883802, -0.12360360536691445, -0.7282932334327431, 0.17540013966290624, 0.0
0.08195333751758048, 0.9932292641916002, -0.08233637849178072, 0.7017344682416682, -0.11617055920075525, -0.702903362672684, -0.7077092528371469, -1.7299825451774775E-4, -0.7065037745973415, -0.11977717965235968, -0.7288664361476191, 0.17527873620600162, 0.0
0.07836106323156183, 0.9938106043653181, -0.07874024650875888, 0.7021463842709668, -0.11108758753071915, -0.7033135879192244, -0.7077075658945771, -1.7477884817471145E-4, -0.7065054639759887, -0.1159313803868588, -0.7294224819995792, 0.17515680252058108, 0.0
0.07475144775144835, 0.994368236688854, -0.07512676569213922, 0.7025415498368062, -0.10598008630275382, -0.7037070356761818, -0.7077058653225652, -1.7655469390737144E-4, -0.7065071669958339, -0.11206642384382365, -0.7299610824126181, 0.17503434338174473, 0.0
0.07112470281083504, 0.9949017928675339, -0.07149614814125971, 0.7029197045844606, -0.10084835521205074, -0.7040834454508345, -0.707704151151429, -1.7832551866175939E-4, -0.7065088836264161, -0.10818252924060234, -0.7304819510169666, 0.17491136356671985, 0.0
0.06748104281208084, 0.9954109077002121, -0.06784860862562819, 0.7032805903447763, -0.09569269772899774, -0.7044425589397968, -0.7077024234134689, -1.800910498353514E-4, -0.706510613835289, -0.10427991873043968, -0.7309848037062917, 0.17478786785487374, 0.0
0.06382068481623845, 0.99589521915396, -0.06418436457481091, 0.7036239511869599, -0.0905134210849094, -0.7047841200818562, -0.7077006821429783, -1.8185101531867365E-4, -0.7065123575880122, -0.10035881739332825, -0.7314693586947226, 0.17466386102772552, 0.0
0.06014384853194793, 0.9963543684384606, -0.060503636067283595, 0.7039495334711615, -0.08531083625628968, -0.7051078751106007, -0.7076989273762537, -1.8360514353765733E-4, -0.7065141148481402, -0.09641945322573975, -0.7319353365736849, 0.17453934786895792, 0.0
0.05645075630330543, 0.996788000080089, -0.05680664581825806, 0.704257085900834, -0.08008525794764595, -0.7054135726068247, -0.7076971591516036, -1.8535316349535536E-4, -0.7065158855772138, -0.09246205712924682, -0.7323824603685309, 0.1744143331644279, 0.0
0.05274163309669959, 0.9971957619956566, -0.053093619166474426, 0.7045463595748557, -0.07483700457284151, -0.7057009635506971, -0.7076953775093568, -1.8709480481512997E-4, -0.706517669734751, -0.08848686289803154, -0.7328104555949456, 0.174288821702177, 0.0
0.04901670648662475, 0.9975773055657975, -0.0493647840599693, 0.7048171080394008, -0.06956639823500138, -0.705969801373674, -0.7076935824918718, -1.8882979778289677E-4, -0.7065194672782397, -0.08449410720528344, -0.7332190503151153, 0.17416281827244096, 0.0
0.045276206640467276, 0.9979322857079772, -0.0456203710408174, 0.7050690873395421, -0.06427376470496365, -0.7062198420101462, -0.7076917741435426, -1.9055787339095076E-4, -0.7065212781631293, -0.0804840295884881, -0.7336079751936413, 0.1740363276676585, 0.0
0.0415203663022736, 0.998260360949101, -0.041860613228852483, 0.7053020560705726, -0.05895943339829271, -0.7064508439488022, -0.7076899525108065, -1.922787633800993E-4, -0.7065231023428247, -0.07645687243361277, -0.7339769635531832, 0.17390935468247987, 0.0
0.03774942077549767, 0.9985611934977012, -0.03808574630436756, 0.7055157754290291, -0.05362373735084541, -0.7066625682836916, -0.7076881176421503, -1.939922002842931E-4, -0.7065249397686794, -0.07241288095818521, -0.7343257514298129, 0.1737819041137745, 0.0
0.03396360790473332, 0.9988344493156815, -0.03429600848979969, 0.7057100092634014, -0.04826701319290411, -0.7068547787649777, -0.7076862695881159, -1.956979174735085E-4, -0.7065267903899906, -0.0683523031932729, -0.7346540776280674, 0.1736539807606379, 0.0
0.030163168056437005, 0.999079798189596, -0.03049164053040304, 0.7058845241245162, -0.04288960112187873, -0.7070272418493586, -0.7076844084013045, -1.9739564919807329E-4, -0.7065286541539934, -0.06427538996436793, -0.7349616837756788, 0.17352558942439825, 0.0
